Trigger Count=524	Output Count=432	Elapsed Time=05:00.235	Number of Pulses CH0=2	Number of Pulses CH1=0
 rate (Hz)=2.50E+8	Min record length=11364	Trigger level (V)=0.6000	Channel 0 threshold (V)=0.2000	Channel 1 threshold (V)=0.2000	Range (microseconds)=40.0000	Pulse 2 delay (microseconds)=0.0000	Lower cut-off frequency (Hz)=3.00E+7
                             	                             
Ch0_time1 (s)	Ch0_amp1 (V)	Ch0_width1 (s)	Ch0_time2 (s)	Ch0_amp2 (V)	Ch0_width2 (s)	Ch1_time1 (s)	Ch1_amp1 (V)	Ch1_width1 (s)	Ch1_time2 (s)	Ch1_amp2 (V)	Ch1_width2 (s)
5.440000E-6	0.608187	2.582085E-8	1.290000E-5	0.327991	9.880559E-8	0.000000	0.000000	0.000000	0.000000	0.000000	0.000000
5.432000E-6	0.607020	2.695854E-8	2.221200E-5	0.334452	9.892033E-8	0.000000	0.000000	0.000000	0.000000	0.000000	0.000000
5.416000E-6	0.338723	9.865133E-8	4.541600E-5	-0.020275	5.126600E-9	0.000000	0.000000	0.000000	0.000000	0.000000	0.000000
5.436000E-6	0.583760	2.690290E-8	1.138000E-5	0.335276	9.881063E-8	0.000000	0.000000	0.000000	0.000000	0.000000	0.000000
5.440000E-6	0.559912	2.886585E-8	1.203200E-5	0.340865	9.927644E-8	0.000000	0.000000	0.000000	0.000000	0.000000	0.000000
5.440000E-6	0.563720	2.757978E-8	1.929200E-5	0.334632	9.926629E-8	0.000000	0.000000	0.000000	0.000000	0.000000	0.000000
5.432000E-6	0.667528	2.951959E-8	3.685600E-5	0.332935	9.928291E-8	0.000000	0.000000	0.000000	0.000000	0.000000	0.000000
5.440000E-6	0.642152	2.720330E-8	1.870400E-5	0.322486	9.920427E-8	0.000000	0.000000	0.000000	0.000000	0.000000	0.000000
5.436000E-6	0.620921	2.865688E-8	2.780800E-5	0.331279	9.945307E-8	0.000000	0.000000	0.000000	0.000000	0.000000	0.000000
5.440000E-6	0.420609	3.096413E-8	3.621600E-5	0.319184	9.855026E-8	0.000000	0.000000	0.000000	0.000000	0.000000	0.000000
5.440000E-6	0.493973	2.529818E-8	2.546800E-5	0.325502	9.832020E-8	0.000000	0.000000	0.000000	0.000000	0.000000	0.000000
5.432000E-6	0.648541	2.985614E-8	3.801600E-5	0.331111	9.926079E-8	0.000000	0.000000	0.000000	0.000000	0.000000	0.000000
5.440000E-6	0.539012	2.756103E-8	3.856800E-5	0.331625	9.871957E-8	0.000000	0.000000	0.000000	0.000000	0.000000	0.000000
5.444000E-6	0.498027	2.503003E-8	7.832000E-6	0.337259	9.953540E-8	0.000000	0.000000	0.000000	0.000000	0.000000	0.000000
5.440000E-6	0.588034	2.863067E-8	1.982400E-5	0.336500	9.911232E-8	0.000000	0.000000	0.000000	0.000000	0.000000	0.000000
5.436000E-6	0.620538	3.120968E-8	1.264000E-5	0.340557	9.946515E-8	0.000000	0.000000	0.000000	0.000000	0.000000	0.000000
5.440000E-6	0.501609	2.840889E-8	2.078400E-5	0.337883	9.889286E-8	0.000000	0.000000	0.000000	0.000000	0.000000	0.000000
5.436000E-6	0.553981	2.665333E-8	9.872000E-6	0.338327	9.931252E-8	0.000000	0.000000	0.000000	0.000000	0.000000	0.000000
5.436000E-6	0.632691	2.721647E-8	3.282000E-5	0.332077	9.879521E-8	0.000000	0.000000	0.000000	0.000000	0.000000	0.000000
5.440000E-6	0.513295	2.528743E-8	8.928000E-6	0.349753	9.970162E-8	0.000000	0.000000	0.000000	0.000000	0.000000	0.000000
5.444000E-6	0.562337	2.540554E-8	2.639200E-5	0.338892	9.948969E-8	0.000000	0.000000	0.000000	0.000000	0.000000	0.000000
5.440000E-6	0.518865	2.788969E-8	2.338800E-5	0.335736	9.941119E-8	0.000000	0.000000	0.000000	0.000000	0.000000	0.000000
5.440000E-6	0.586087	2.766995E-8	1.329600E-5	0.325037	9.878632E-8	0.000000	0.000000	0.000000	0.000000	0.000000	0.000000
5.432000E-6	0.653634	2.844331E-8	3.781600E-5	0.332935	9.938008E-8	0.000000	0.000000	0.000000	0.000000	0.000000	0.000000
5.440000E-6	0.565981	2.626764E-8	6.180000E-6	0.297962	9.858012E-8	0.000000	0.000000	0.000000	0.000000	0.000000	0.000000
5.444000E-6	0.257224	3.882224E-8	1.862800E-5	0.330380	9.877104E-8	0.000000	0.000000	0.000000	0.000000	0.000000	0.000000
5.432000E-6	0.689608	2.974601E-8	1.663200E-5	0.336312	9.942815E-8	0.000000	0.000000	0.000000	0.000000	0.000000	0.000000
5.440000E-6	0.557904	2.746503E-8	3.012400E-5	0.331822	9.886602E-8	0.000000	0.000000	0.000000	0.000000	0.000000	0.000000
5.440000E-6	0.575703	2.408538E-8	2.545600E-5	0.339072	9.980127E-8	0.000000	0.000000	0.000000	0.000000	0.000000	0.000000
5.436000E-6	0.536634	3.348417E-8	1.476000E-5	0.339482	9.949534E-8	0.000000	0.000000	0.000000	0.000000	0.000000	0.000000
5.420000E-6	0.351160	9.605115E-8	4.542000E-5	0.012958	3.008889E-8	0.000000	0.000000	0.000000	0.000000	0.000000	0.000000
5.440000E-6	0.579486	2.677297E-8	2.045200E-5	0.331215	9.922185E-8	0.000000	0.000000	0.000000	0.000000	0.000000	0.000000
5.448000E-6	0.409778	2.166547E-8	2.040800E-5	0.341679	9.955866E-8	0.000000	0.000000	0.000000	0.000000	0.000000	0.000000
5.432000E-6	0.632252	2.912251E-8	7.284000E-6	0.322110	9.908119E-8	0.000000	0.000000	0.000000	0.000000	0.000000	0.000000
5.436000E-6	0.570751	2.703945E-8	2.787600E-5	0.332968	9.938369E-8	0.000000	0.000000	0.000000	0.000000	0.000000	0.000000
5.444000E-6	0.512165	2.650699E-8	2.607600E-5	0.334612	9.943131E-8	0.000000	0.000000	0.000000	0.000000	0.000000	0.000000
5.436000E-6	0.616405	2.683418E-8	2.387600E-5	0.338853	9.971400E-8	0.000000	0.000000	0.000000	0.000000	0.000000	0.000000
5.444000E-6	0.485722	2.662932E-8	3.719200E-5	0.325273	9.837065E-8	0.000000	0.000000	0.000000	0.000000	0.000000	0.000000
5.440000E-6	0.587161	2.577285E-8	2.998000E-5	0.329188	9.905184E-8	0.000000	0.000000	0.000000	0.000000	0.000000	0.000000
5.444000E-6	0.517999	2.678804E-8	3.578000E-5	0.334928	9.922061E-8	0.000000	0.000000	0.000000	0.000000	0.000000	0.000000
5.436000E-6	0.662011	3.083299E-8	1.310400E-5	0.329964	9.900658E-8	0.000000	0.000000	0.000000	0.000000	0.000000	0.000000
5.436000E-6	0.560092	2.599567E-8	1.875200E-5	0.332499	9.910208E-8	0.000000	0.000000	0.000000	0.000000	0.000000	0.000000
5.440000E-6	0.344577	3.595871E-8	3.157200E-5	0.332261	9.941464E-8	0.000000	0.000000	0.000000	0.000000	0.000000	0.000000
5.432000E-6	0.650824	2.918159E-8	1.884000E-5	0.343796	9.934971E-8	0.000000	0.000000	0.000000	0.000000	0.000000	0.000000
5.444000E-6	0.519337	2.653138E-8	3.735600E-5	0.338527	9.920547E-8	0.000000	0.000000	0.000000	0.000000	0.000000	0.000000
5.436000E-6	0.576846	3.112802E-8	9.492000E-6	0.335947	9.964288E-8	0.000000	0.000000	0.000000	0.000000	0.000000	0.000000
5.440000E-6	0.485607	2.529979E-8	3.263200E-5	0.335207	9.961736E-8	0.000000	0.000000	0.000000	0.000000	0.000000	0.000000
5.436000E-6	0.354301	3.568054E-8	2.188800E-5	0.333927	9.903045E-8	0.000000	0.000000	0.000000	0.000000	0.000000	0.000000
5.444000E-6	0.533221	2.580481E-8	1.198400E-5	0.342246	9.973667E-8	0.000000	0.000000	0.000000	0.000000	0.000000	0.000000
5.448000E-6	0.450799	2.551635E-8	1.978800E-5	0.336956	9.861673E-8	0.000000	0.000000	0.000000	0.000000	0.000000	0.000000
5.440000E-6	0.580657	2.635647E-8	2.161200E-5	0.341244	9.874636E-8	0.000000	0.000000	0.000000	0.000000	0.000000	0.000000
5.440000E-6	0.561585	2.794469E-8	6.372000E-6	0.378307	1.017498E-7	0.000000	0.000000	0.000000	0.000000	0.000000	0.000000
5.440000E-6	0.541824	2.822325E-8	2.054000E-5	0.332022	9.944442E-8	0.000000	0.000000	0.000000	0.000000	0.000000	0.000000
5.444000E-6	0.541986	2.673427E-8	3.545200E-5	0.326317	9.837251E-8	0.000000	0.000000	0.000000	0.000000	0.000000	0.000000
5.444000E-6	0.536769	2.697533E-8	2.235200E-5	0.336238	9.969952E-8	0.000000	0.000000	0.000000	0.000000	0.000000	0.000000
5.440000E-6	0.589971	2.870030E-8	2.962800E-5	0.338201	9.941131E-8	0.000000	0.000000	0.000000	0.000000	0.000000	0.000000
5.436000E-6	0.640336	2.807437E-8	2.207600E-5	0.331002	9.906523E-8	0.000000	0.000000	0.000000	0.000000	0.000000	0.000000
5.440000E-6	0.565469	2.791413E-8	1.965200E-5	0.336275	9.960472E-8	0.000000	0.000000	0.000000	0.000000	0.000000	0.000000
5.444000E-6	0.548137	2.521000E-8	1.482400E-5	0.332371	9.894580E-8	0.000000	0.000000	0.000000	0.000000	0.000000	0.000000
5.424000E-6	0.345110	9.793883E-8	4.542400E-5	0.006994	3.327688E-8	0.000000	0.000000	0.000000	0.000000	0.000000	0.000000
5.436000E-6	0.585242	2.655612E-8	9.592000E-6	0.327921	9.846611E-8	0.000000	0.000000	0.000000	0.000000	0.000000	0.000000
5.440000E-6	0.522179	2.666516E-8	7.820000E-6	0.331789	9.935669E-8	0.000000	0.000000	0.000000	0.000000	0.000000	0.000000
5.440000E-6	0.584121	2.785001E-8	1.886000E-5	0.330417	9.937256E-8	0.000000	0.000000	0.000000	0.000000	0.000000	0.000000
5.440000E-6	0.525845	2.903526E-8	2.596000E-5	0.327944	9.904844E-8	0.000000	0.000000	0.000000	0.000000	0.000000	0.000000
5.444000E-6	0.527835	2.719113E-8	3.950000E-5	0.331297	9.925347E-8	0.000000	0.000000	0.000000	0.000000	0.000000	0.000000
5.432000E-6	0.623755	2.755847E-8	2.589600E-5	0.331772	9.916747E-8	0.000000	0.000000	0.000000	0.000000	0.000000	0.000000
5.428000E-6	0.685280	3.395522E-8	3.480800E-5	0.336448	9.916397E-8	0.000000	0.000000	0.000000	0.000000	0.000000	0.000000
5.440000E-6	0.586535	2.872292E-8	8.636000E-6	0.321919	9.817392E-8	0.000000	0.000000	0.000000	0.000000	0.000000	0.000000
5.440000E-6	0.608097	2.863151E-8	3.150800E-5	0.338537	9.921717E-8	0.000000	0.000000	0.000000	0.000000	0.000000	0.000000
5.428000E-6	0.309587	9.946720E-8	4.542800E-5	0.003068	2.972995E-8	0.000000	0.000000	0.000000	0.000000	0.000000	0.000000
5.432000E-6	0.349011	3.984624E-8	2.171600E-5	0.340020	9.967546E-8	0.000000	0.000000	0.000000	0.000000	0.000000	0.000000
5.440000E-6	0.464172	3.234762E-8	3.289200E-5	0.337964	9.926430E-8	0.000000	0.000000	0.000000	0.000000	0.000000	0.000000
5.440000E-6	0.517992	2.790691E-8	7.784000E-6	0.334272	9.914407E-8	0.000000	0.000000	0.000000	0.000000	0.000000	0.000000
5.440000E-6	0.562493	2.589489E-8	3.523600E-5	0.338544	9.891527E-8	0.000000	0.000000	0.000000	0.000000	0.000000	0.000000
5.436000E-6	0.604457	2.716306E-8	3.890800E-5	0.330606	9.952796E-8	0.000000	0.000000	0.000000	0.000000	0.000000	0.000000
5.448000E-6	0.433270	2.190595E-8	3.834400E-5	0.338573	9.981537E-8	0.000000	0.000000	0.000000	0.000000	0.000000	0.000000
5.436000E-6	0.554739	2.839859E-8	3.683600E-5	0.334017	9.957196E-8	0.000000	0.000000	0.000000	0.000000	0.000000	0.000000
5.436000E-6	0.467268	3.286564E-8	1.671600E-5	0.337018	9.887568E-8	0.000000	0.000000	0.000000	0.000000	0.000000	0.000000
5.436000E-6	0.616464	2.705385E-8	3.192000E-5	0.330138	9.906534E-8	0.000000	0.000000	0.000000	0.000000	0.000000	0.000000
5.436000E-6	0.560539	2.702228E-8	3.152400E-5	0.336676	9.946932E-8	0.000000	0.000000	0.000000	0.000000	0.000000	0.000000
5.440000E-6	0.568352	2.702557E-8	3.313600E-5	0.337282	9.956851E-8	0.000000	0.000000	0.000000	0.000000	0.000000	0.000000
5.432000E-6	0.509774	3.615578E-8	8.264000E-6	0.305444	9.764554E-8	0.000000	0.000000	0.000000	0.000000	0.000000	0.000000
5.440000E-6	0.553721	2.787116E-8	6.880000E-6	0.337979	9.880187E-8	0.000000	0.000000	0.000000	0.000000	0.000000	0.000000
5.440000E-6	0.584654	2.905018E-8	8.572000E-6	0.351344	9.820551E-8	0.000000	0.000000	0.000000	0.000000	0.000000	0.000000
5.444000E-6	0.561610	2.741077E-8	1.557200E-5	0.331697	9.952998E-8	0.000000	0.000000	0.000000	0.000000	0.000000	0.000000
5.436000E-6	0.638451	2.553052E-8	1.642000E-5	0.341091	1.000837E-7	0.000000	0.000000	0.000000	0.000000	0.000000	0.000000
5.440000E-6	0.559680	2.599317E-8	9.032000E-6	0.353569	9.968564E-8	0.000000	0.000000	0.000000	0.000000	0.000000	0.000000
5.444000E-6	0.531991	2.663108E-8	3.470400E-5	0.328381	9.884490E-8	0.000000	0.000000	0.000000	0.000000	0.000000	0.000000
5.440000E-6	0.583822	2.647449E-8	8.600000E-6	0.338695	9.920226E-8	0.000000	0.000000	0.000000	0.000000	0.000000	0.000000
5.448000E-6	0.498302	2.489565E-8	9.328000E-6	0.336373	9.958618E-8	0.000000	0.000000	0.000000	0.000000	0.000000	0.000000
5.440000E-6	0.525430	2.863860E-8	3.918800E-5	0.334109	9.893403E-8	0.000000	0.000000	0.000000	0.000000	0.000000	0.000000
5.440000E-6	0.549922	2.601706E-8	1.922400E-5	0.332549	9.887995E-8	0.000000	0.000000	0.000000	0.000000	0.000000	0.000000
5.436000E-6	0.673169	3.159906E-8	8.708000E-6	0.334293	9.902336E-8	0.000000	0.000000	0.000000	0.000000	0.000000	0.000000
5.448000E-6	0.470714	2.643862E-8	3.366800E-5	0.329242	9.911293E-8	0.000000	0.000000	0.000000	0.000000	0.000000	0.000000
5.440000E-6	0.529423	2.705725E-8	2.524400E-5	0.337245	9.902898E-8	0.000000	0.000000	0.000000	0.000000	0.000000	0.000000
5.444000E-6	0.526844	2.677641E-8	8.352000E-6	0.330919	9.920700E-8	0.000000	0.000000	0.000000	0.000000	0.000000	0.000000
5.440000E-6	0.601209	2.691705E-8	1.302800E-5	0.340187	9.949280E-8	0.000000	0.000000	0.000000	0.000000	0.000000	0.000000
5.444000E-6	0.497509	2.469696E-8	3.859600E-5	0.336645	9.928198E-8	0.000000	0.000000	0.000000	0.000000	0.000000	0.000000
5.356000E-6	0.321482	1.200772E-7	4.535600E-5	0.324739	4.191267E-8	0.000000	0.000000	0.000000	0.000000	0.000000	0.000000
5.436000E-6	0.628496	3.095675E-8	8.388000E-6	0.315090	9.862361E-8	0.000000	0.000000	0.000000	0.000000	0.000000	0.000000
5.412000E-6	0.667470	8.067201E-8	4.541200E-5	-0.013633	9.816330E-9	0.000000	0.000000	0.000000	0.000000	0.000000	0.000000
5.436000E-6	0.612652	2.722196E-8	1.014800E-5	0.323854	9.855234E-8	0.000000	0.000000	0.000000	0.000000	0.000000	0.000000
5.436000E-6	0.523562	2.748731E-8	3.142400E-5	0.330251	9.880481E-8	0.000000	0.000000	0.000000	0.000000	0.000000	0.000000
5.440000E-6	0.550103	2.941107E-8	8.640000E-6	0.335609	9.956898E-8	0.000000	0.000000	0.000000	0.000000	0.000000	0.000000
5.444000E-6	0.501037	2.770264E-8	1.686400E-5	0.329302	9.868168E-8	0.000000	0.000000	0.000000	0.000000	0.000000	0.000000
5.440000E-6	0.546357	2.738642E-8	2.901200E-5	0.333308	9.885620E-8	0.000000	0.000000	0.000000	0.000000	0.000000	0.000000
5.440000E-6	0.563412	2.542193E-8	1.236000E-5	0.338946	9.932705E-8	0.000000	0.000000	0.000000	0.000000	0.000000	0.000000
5.436000E-6	0.653167	2.914978E-8	1.634400E-5	0.333025	9.920347E-8	0.000000	0.000000	0.000000	0.000000	0.000000	0.000000
5.448000E-6	0.393955	2.216396E-8	3.074400E-5	0.338879	9.955968E-8	0.000000	0.000000	0.000000	0.000000	0.000000	0.000000
5.436000E-6	0.653167	2.896601E-8	7.844000E-6	0.348607	9.995621E-8	0.000000	0.000000	0.000000	0.000000	0.000000	0.000000
5.444000E-6	0.495689	2.194811E-8	1.709200E-5	0.336848	9.941629E-8	0.000000	0.000000	0.000000	0.000000	0.000000	0.000000
5.432000E-6	0.652893	2.815000E-8	2.314000E-5	0.335019	9.973128E-8	0.000000	0.000000	0.000000	0.000000	0.000000	0.000000
5.436000E-6	0.640408	3.231416E-8	1.026400E-5	0.335614	9.893247E-8	0.000000	0.000000	0.000000	0.000000	0.000000	0.000000
5.440000E-6	0.631415	2.927487E-8	2.211600E-5	0.332256	9.892438E-8	0.000000	0.000000	0.000000	0.000000	0.000000	0.000000
5.440000E-6	0.543228	2.611636E-8	7.244000E-6	0.326272	9.901509E-8	0.000000	0.000000	0.000000	0.000000	0.000000	0.000000
5.440000E-6	0.574138	2.653086E-8	8.664000E-6	0.333702	9.946682E-8	0.000000	0.000000	0.000000	0.000000	0.000000	0.000000
5.444000E-6	0.508908	2.629919E-8	3.065200E-5	0.320909	9.829158E-8	0.000000	0.000000	0.000000	0.000000	0.000000	0.000000
5.440000E-6	0.573861	2.793507E-8	2.705600E-5	0.338950	9.939991E-8	0.000000	0.000000	0.000000	0.000000	0.000000	0.000000
5.440000E-6	0.521462	2.588251E-8	9.848000E-6	0.327976	9.883331E-8	0.000000	0.000000	0.000000	0.000000	0.000000	0.000000
5.444000E-6	0.527765	3.022022E-8	3.327200E-5	0.334906	9.909445E-8	0.000000	0.000000	0.000000	0.000000	0.000000	0.000000
5.440000E-6	0.506917	2.643178E-8	1.942400E-5	0.336552	9.843916E-8	0.000000	0.000000	0.000000	0.000000	0.000000	0.000000
5.436000E-6	0.643491	2.853064E-8	2.148400E-5	0.335808	9.931376E-8	0.000000	0.000000	0.000000	0.000000	0.000000	0.000000
5.444000E-6	0.532800	2.674201E-8	2.017200E-5	0.336997	9.948735E-8	0.000000	0.000000	0.000000	0.000000	0.000000	0.000000
5.436000E-6	0.445474	3.624449E-8	3.583600E-5	0.326283	9.842694E-8	0.000000	0.000000	0.000000	0.000000	0.000000	0.000000
5.444000E-6	0.510507	2.671321E-8	1.540400E-5	0.326804	9.828051E-8	0.000000	0.000000	0.000000	0.000000	0.000000	0.000000
5.436000E-6	0.586027	2.737265E-8	3.377600E-5	0.321651	9.912931E-8	0.000000	0.000000	0.000000	0.000000	0.000000	0.000000
5.444000E-6	0.507898	2.570143E-8	1.542000E-5	0.331790	9.892464E-8	0.000000	0.000000	0.000000	0.000000	0.000000	0.000000
5.444000E-6	0.542297	2.671489E-8	2.116800E-5	0.334723	9.896440E-8	0.000000	0.000000	0.000000	0.000000	0.000000	0.000000
5.440000E-6	0.601769	2.631562E-8	3.968400E-5	0.328743	9.884003E-8	0.000000	0.000000	0.000000	0.000000	0.000000	0.000000
5.432000E-6	0.651330	2.828709E-8	2.212800E-5	0.334085	9.897598E-8	0.000000	0.000000	0.000000	0.000000	0.000000	0.000000
5.440000E-6	0.608125	2.977655E-8	2.987600E-5	0.324796	9.849494E-8	0.000000	0.000000	0.000000	0.000000	0.000000	0.000000
5.448000E-6	0.430049	2.207001E-8	1.517600E-5	0.332633	9.892910E-8	0.000000	0.000000	0.000000	0.000000	0.000000	0.000000
5.440000E-6	0.280317	3.965628E-8	8.244000E-6	0.323256	9.912221E-8	0.000000	0.000000	0.000000	0.000000	0.000000	0.000000
5.428000E-6	0.519260	3.519182E-8	1.688800E-5	0.335098	9.916640E-8	0.000000	0.000000	0.000000	0.000000	0.000000	0.000000
5.436000E-6	0.655727	2.930603E-8	3.087600E-5	0.334710	9.944156E-8	0.000000	0.000000	0.000000	0.000000	0.000000	0.000000
5.436000E-6	0.657565	2.817943E-8	3.811600E-5	0.335770	9.881388E-8	0.000000	0.000000	0.000000	0.000000	0.000000	0.000000
5.440000E-6	0.566442	2.847173E-8	1.258800E-5	0.330824	9.920483E-8	0.000000	0.000000	0.000000	0.000000	0.000000	0.000000
5.444000E-6	0.497891	2.502867E-8	3.916000E-5	0.327968	9.918327E-8	0.000000	0.000000	0.000000	0.000000	0.000000	0.000000
5.416000E-6	0.355240	9.671855E-8	4.541600E-5	-0.021497	6.597517E-9	0.000000	0.000000	0.000000	0.000000	0.000000	0.000000
5.444000E-6	0.568839	2.899299E-8	3.852800E-5	0.329495	9.918216E-8	0.000000	0.000000	0.000000	0.000000	0.000000	0.000000
5.440000E-6	0.566560	2.857603E-8	1.825200E-5	0.329159	9.943498E-8	0.000000	0.000000	0.000000	0.000000	0.000000	0.000000
5.444000E-6	0.521820	2.602113E-8	2.549600E-5	0.336293	9.953804E-8	0.000000	0.000000	0.000000	0.000000	0.000000	0.000000
5.436000E-6	0.566448	3.019050E-8	2.796400E-5	0.334400	9.889794E-8	0.000000	0.000000	0.000000	0.000000	0.000000	0.000000
5.436000E-6	0.594803	2.793972E-8	2.914800E-5	0.331587	9.934902E-8	0.000000	0.000000	0.000000	0.000000	0.000000	0.000000
5.440000E-6	0.577278	2.844044E-8	2.043600E-5	0.342441	9.964750E-8	0.000000	0.000000	0.000000	0.000000	0.000000	0.000000
5.440000E-6	0.442528	3.000282E-8	1.695600E-5	0.336421	9.881373E-8	0.000000	0.000000	0.000000	0.000000	0.000000	0.000000
5.440000E-6	0.604123	2.590681E-8	2.332400E-5	0.333221	9.866285E-8	0.000000	0.000000	0.000000	0.000000	0.000000	0.000000
5.440000E-6	0.589266	2.613335E-8	2.745600E-5	0.330063	9.916257E-8	0.000000	0.000000	0.000000	0.000000	0.000000	0.000000
5.440000E-6	0.578090	2.615733E-8	3.818800E-5	0.342902	9.942972E-8	0.000000	0.000000	0.000000	0.000000	0.000000	0.000000
5.432000E-6	0.676037	3.197839E-8	1.188400E-5	0.332537	9.904331E-8	0.000000	0.000000	0.000000	0.000000	0.000000	0.000000
5.444000E-6	0.530748	2.741242E-8	2.378400E-5	0.330970	9.907959E-8	0.000000	0.000000	0.000000	0.000000	0.000000	0.000000
5.440000E-6	0.606251	2.924584E-8	3.920400E-5	0.332490	9.886745E-8	0.000000	0.000000	0.000000	0.000000	0.000000	0.000000
5.440000E-6	0.504492	2.860416E-8	2.128800E-5	0.338015	9.909765E-8	0.000000	0.000000	0.000000	0.000000	0.000000	0.000000
5.440000E-6	0.612196	2.899898E-8	1.073200E-5	0.342044	9.952197E-8	0.000000	0.000000	0.000000	0.000000	0.000000	0.000000
5.444000E-6	0.571330	2.795402E-8	3.676800E-5	0.332622	9.959218E-8	0.000000	0.000000	0.000000	0.000000	0.000000	0.000000
5.436000E-6	0.569613	2.764572E-8	1.922800E-5	0.326601	9.862620E-8	0.000000	0.000000	0.000000	0.000000	0.000000	0.000000
5.444000E-6	0.334523	3.170360E-8	1.658000E-5	0.327535	9.846405E-8	0.000000	0.000000	0.000000	0.000000	0.000000	0.000000
5.440000E-6	0.605388	2.731984E-8	3.610800E-5	0.336679	9.928825E-8	0.000000	0.000000	0.000000	0.000000	0.000000	0.000000
5.440000E-6	0.605070	2.615719E-8	3.406400E-5	0.334135	9.931484E-8	0.000000	0.000000	0.000000	0.000000	0.000000	0.000000
5.444000E-6	0.493842	2.199911E-8	2.699600E-5	0.334094	9.961218E-8	0.000000	0.000000	0.000000	0.000000	0.000000	0.000000
5.432000E-6	0.667022	2.844289E-8	3.776800E-5	0.329506	9.897263E-8	0.000000	0.000000	0.000000	0.000000	0.000000	0.000000
5.440000E-6	0.600939	2.658744E-8	2.925600E-5	0.334306	9.912178E-8	0.000000	0.000000	0.000000	0.000000	0.000000	0.000000
5.440000E-6	0.525463	2.468299E-8	2.264400E-5	0.327379	9.899936E-8	0.000000	0.000000	0.000000	0.000000	0.000000	0.000000
5.444000E-6	0.544076	2.610188E-8	1.285600E-5	0.326914	9.874153E-8	0.000000	0.000000	0.000000	0.000000	0.000000	0.000000
5.424000E-6	0.632329	5.238824E-8	4.542400E-5	0.007378	2.937922E-8	0.000000	0.000000	0.000000	0.000000	0.000000	0.000000
5.440000E-6	0.553027	2.490343E-8	7.068000E-6	0.345985	9.956369E-8	0.000000	0.000000	0.000000	0.000000	0.000000	0.000000
5.356000E-6	0.330339	1.310206E-7	4.535600E-5	0.325829	4.160892E-8	0.000000	0.000000	0.000000	0.000000	0.000000	0.000000
5.440000E-6	0.551203	2.938186E-8	1.698000E-5	0.335300	9.944553E-8	0.000000	0.000000	0.000000	0.000000	0.000000	0.000000
5.440000E-6	0.562706	2.807146E-8	1.911600E-5	0.334469	9.924010E-8	0.000000	0.000000	0.000000	0.000000	0.000000	0.000000
5.432000E-6	0.672497	3.151829E-8	3.585600E-5	0.334456	9.901984E-8	0.000000	0.000000	0.000000	0.000000	0.000000	0.000000
5.440000E-6	0.600293	2.838234E-8	2.993600E-5	0.339038	9.924881E-8	0.000000	0.000000	0.000000	0.000000	0.000000	0.000000
5.440000E-6	0.530182	2.659607E-8	1.709200E-5	0.339584	9.967676E-8	0.000000	0.000000	0.000000	0.000000	0.000000	0.000000
5.444000E-6	0.553343	2.641637E-8	3.666800E-5	0.332539	9.903895E-8	0.000000	0.000000	0.000000	0.000000	0.000000	0.000000
5.440000E-6	0.545333	2.638136E-8	2.523200E-5	0.331319	9.912221E-8	0.000000	0.000000	0.000000	0.000000	0.000000	0.000000
5.440000E-6	0.562308	2.695847E-8	3.556000E-5	0.325915	9.851841E-8	0.000000	0.000000	0.000000	0.000000	0.000000	0.000000
5.428000E-6	0.668111	3.410708E-8	3.629600E-5	0.326856	9.901477E-8	0.000000	0.000000	0.000000	0.000000	0.000000	0.000000
5.440000E-6	0.571228	2.536167E-8	3.410800E-5	0.335075	9.883952E-8	0.000000	0.000000	0.000000	0.000000	0.000000	0.000000
5.444000E-6	0.468969	2.342214E-8	1.416400E-5	0.338590	9.892498E-8	0.000000	0.000000	0.000000	0.000000	0.000000	0.000000
5.440000E-6	0.602284	2.679289E-8	2.786000E-5	0.336097	9.906802E-8	0.000000	0.000000	0.000000	0.000000	0.000000	0.000000
5.440000E-6	0.585032	2.733287E-8	2.828000E-5	0.325603	9.911955E-8	0.000000	0.000000	0.000000	0.000000	0.000000	0.000000
5.436000E-6	0.614196	2.935319E-8	3.906800E-5	0.327436	9.905093E-8	0.000000	0.000000	0.000000	0.000000	0.000000	0.000000
5.444000E-6	0.487176	2.571151E-8	1.601600E-5	0.333140	9.854712E-8	0.000000	0.000000	0.000000	0.000000	0.000000	0.000000
5.440000E-6	0.603744	2.646857E-8	3.233200E-5	0.339906	9.888187E-8	0.000000	0.000000	0.000000	0.000000	0.000000	0.000000
5.440000E-6	0.550643	2.878460E-8	2.633200E-5	0.334179	9.917690E-8	0.000000	0.000000	0.000000	0.000000	0.000000	0.000000
5.440000E-6	0.590786	2.550500E-8	3.381600E-5	0.320782	9.913523E-8	0.000000	0.000000	0.000000	0.000000	0.000000	0.000000
5.444000E-6	0.545420	2.678270E-8	1.984000E-5	0.332699	9.895543E-8	0.000000	0.000000	0.000000	0.000000	0.000000	0.000000
5.440000E-6	0.600969	2.606147E-8	3.372400E-5	0.335612	9.966997E-8	0.000000	0.000000	0.000000	0.000000	0.000000	0.000000
5.432000E-6	0.675008	3.070873E-8	8.556000E-6	0.331929	9.925693E-8	0.000000	0.000000	0.000000	0.000000	0.000000	0.000000
5.440000E-6	0.559764	2.683225E-8	3.810000E-5	0.340770	9.904461E-8	0.000000	0.000000	0.000000	0.000000	0.000000	0.000000
5.436000E-6	0.624543	2.740722E-8	7.680000E-6	0.330674	9.855155E-8	0.000000	0.000000	0.000000	0.000000	0.000000	0.000000
5.436000E-6	0.657213	3.007496E-8	1.560800E-5	0.334930	9.906718E-8	0.000000	0.000000	0.000000	0.000000	0.000000	0.000000
5.428000E-6	0.456041	3.755029E-8	1.537200E-5	0.330815	9.950751E-8	0.000000	0.000000	0.000000	0.000000	0.000000	0.000000
5.440000E-6	0.566044	2.770034E-8	3.903600E-5	0.327246	9.861322E-8	0.000000	0.000000	0.000000	0.000000	0.000000	0.000000
5.444000E-6	0.548234	2.846303E-8	1.685200E-5	0.322633	9.851381E-8	0.000000	0.000000	0.000000	0.000000	0.000000	0.000000
5.444000E-6	0.505562	2.414517E-8	1.662800E-5	0.334828	9.932371E-8	0.000000	0.000000	0.000000	0.000000	0.000000	0.000000
5.440000E-6	0.602373	2.536601E-8	3.274000E-5	0.329263	9.877041E-8	0.000000	0.000000	0.000000	0.000000	0.000000	0.000000
5.424000E-6	0.680439	3.074693E-8	2.721600E-5	0.325765	9.846190E-8	0.000000	0.000000	0.000000	0.000000	0.000000	0.000000
5.436000E-6	0.353390	3.635159E-8	3.130800E-5	0.341826	9.919312E-8	0.000000	0.000000	0.000000	0.000000	0.000000	0.000000
5.440000E-6	0.519287	2.583683E-8	8.148000E-6	0.317829	9.802824E-8	0.000000	0.000000	0.000000	0.000000	0.000000	0.000000
5.440000E-6	0.536935	2.597959E-8	3.138400E-5	0.334019	9.936747E-8	0.000000	0.000000	0.000000	0.000000	0.000000	0.000000
5.436000E-6	0.622955	2.724511E-8	3.607600E-5	0.328484	9.897843E-8	0.000000	0.000000	0.000000	0.000000	0.000000	0.000000
5.440000E-6	0.364383	3.224960E-8	1.631200E-5	0.334584	9.961651E-8	0.000000	0.000000	0.000000	0.000000	0.000000	0.000000
5.440000E-6	0.570143	2.958607E-8	2.879600E-5	0.331640	9.914445E-8	0.000000	0.000000	0.000000	0.000000	0.000000	0.000000
5.440000E-6	0.519811	2.563301E-8	1.920400E-5	0.325096	9.924831E-8	0.000000	0.000000	0.000000	0.000000	0.000000	0.000000
5.440000E-6	0.547112	2.575030E-8	1.888400E-5	0.336208	9.883894E-8	0.000000	0.000000	0.000000	0.000000	0.000000	0.000000
5.428000E-6	0.701895	3.244530E-8	1.916000E-5	0.326932	9.815362E-8	0.000000	0.000000	0.000000	0.000000	0.000000	0.000000
5.432000E-6	0.667170	3.129590E-8	1.454400E-5	0.336918	9.935397E-8	0.000000	0.000000	0.000000	0.000000	0.000000	0.000000
5.436000E-6	0.635107	2.796589E-8	1.251200E-5	0.341278	9.925199E-8	0.000000	0.000000	0.000000	0.000000	0.000000	0.000000
5.436000E-6	0.565332	2.557210E-8	1.563600E-5	0.336050	9.920640E-8	0.000000	0.000000	0.000000	0.000000	0.000000	0.000000
5.436000E-6	0.598308	2.665032E-8	3.815600E-5	0.338083	9.932107E-8	0.000000	0.000000	0.000000	0.000000	0.000000	0.000000
5.448000E-6	0.501088	2.671739E-8	2.316800E-5	0.335871	9.930085E-8	0.000000	0.000000	0.000000	0.000000	0.000000	0.000000
5.436000E-6	0.600427	2.973431E-8	2.028400E-5	0.334545	9.940618E-8	0.000000	0.000000	0.000000	0.000000	0.000000	0.000000
5.440000E-6	0.602161	2.701827E-8	1.134800E-5	0.332385	9.903645E-8	0.000000	0.000000	0.000000	0.000000	0.000000	0.000000
5.432000E-6	0.628678	2.686416E-8	3.758400E-5	0.336272	9.906718E-8	0.000000	0.000000	0.000000	0.000000	0.000000	0.000000
5.432000E-6	0.344879	1.142671E-7	4.544800E-5	-0.011111	1.019601E-8	0.000000	0.000000	0.000000	0.000000	0.000000	0.000000
5.440000E-6	0.547885	2.781202E-8	2.917600E-5	0.332954	9.899972E-8	0.000000	0.000000	0.000000	0.000000	0.000000	0.000000
5.444000E-6	0.550700	2.656968E-8	2.972000E-5	0.333011	9.892379E-8	0.000000	0.000000	0.000000	0.000000	0.000000	0.000000
5.436000E-6	0.603876	2.609953E-8	3.313200E-5	0.329501	9.961701E-8	0.000000	0.000000	0.000000	0.000000	0.000000	0.000000
5.436000E-6	0.589557	2.722274E-8	2.298000E-5	0.333150	9.938316E-8	0.000000	0.000000	0.000000	0.000000	0.000000	0.000000
5.440000E-6	0.567784	2.665834E-8	2.810000E-5	0.339288	9.914307E-8	0.000000	0.000000	0.000000	0.000000	0.000000	0.000000
5.436000E-6	0.565864	2.890475E-8	1.009200E-5	0.336259	9.871066E-8	0.000000	0.000000	0.000000	0.000000	0.000000	0.000000
5.440000E-6	0.576067	2.774557E-8	9.036000E-6	0.335638	9.963080E-8	0.000000	0.000000	0.000000	0.000000	0.000000	0.000000
5.440000E-6	0.619146	2.619720E-8	2.836400E-5	0.341506	9.978040E-8	0.000000	0.000000	0.000000	0.000000	0.000000	0.000000
5.440000E-6	0.559380	2.373143E-8	1.340000E-5	0.337644	9.915640E-8	0.000000	0.000000	0.000000	0.000000	0.000000	0.000000
5.440000E-6	0.592177	2.555233E-8	3.946400E-5	0.331354	9.891319E-8	0.000000	0.000000	0.000000	0.000000	0.000000	0.000000
5.432000E-6	0.609924	2.839357E-8	2.507200E-5	0.336531	9.969217E-8	0.000000	0.000000	0.000000	0.000000	0.000000	0.000000
5.436000E-6	0.568266	2.671689E-8	1.311600E-5	0.331291	9.929584E-8	0.000000	0.000000	0.000000	0.000000	0.000000	0.000000
5.436000E-6	0.596443	2.593292E-8	3.541200E-5	0.335495	9.942212E-8	0.000000	0.000000	0.000000	0.000000	0.000000	0.000000
5.440000E-6	0.505681	2.745440E-8	2.794400E-5	0.327687	9.918365E-8	0.000000	0.000000	0.000000	0.000000	0.000000	0.000000
5.428000E-6	0.699336	3.170642E-8	3.316400E-5	0.327044	9.937654E-8	0.000000	0.000000	0.000000	0.000000	0.000000	0.000000
5.436000E-6	0.603519	2.921915E-8	2.839200E-5	0.336828	9.920743E-8	0.000000	0.000000	0.000000	0.000000	0.000000	0.000000
5.428000E-6	0.482463	3.824318E-8	1.248000E-5	0.326521	9.889747E-8	0.000000	0.000000	0.000000	0.000000	0.000000	0.000000
5.436000E-6	0.574622	2.819714E-8	3.111600E-5	0.332037	9.922241E-8	0.000000	0.000000	0.000000	0.000000	0.000000	0.000000
5.396000E-6	0.316364	9.948561E-8	4.539600E-5	0.223259	6.044199E-9	0.000000	0.000000	0.000000	0.000000	0.000000	0.000000
5.436000E-6	0.649884	2.907271E-8	1.761200E-5	0.326597	9.873662E-8	0.000000	0.000000	0.000000	0.000000	0.000000	0.000000
5.436000E-6	0.493202	3.111187E-8	2.621200E-5	0.328426	9.900763E-8	0.000000	0.000000	0.000000	0.000000	0.000000	0.000000
5.436000E-6	0.679041	2.836858E-8	2.498800E-5	0.329215	9.905590E-8	0.000000	0.000000	0.000000	0.000000	0.000000	0.000000
5.436000E-6	0.579438	2.605709E-8	1.560800E-5	0.319475	9.853602E-8	0.000000	0.000000	0.000000	0.000000	0.000000	0.000000
5.384000E-6	0.618273	8.419975E-8	4.538400E-5	0.338145	1.384924E-8	0.000000	0.000000	0.000000	0.000000	0.000000	0.000000
5.440000E-6	0.509626	2.610310E-8	3.240800E-5	0.331503	9.943626E-8	0.000000	0.000000	0.000000	0.000000	0.000000	0.000000
5.436000E-6	0.619186	2.880092E-8	3.974800E-5	0.331286	9.965533E-8	0.000000	0.000000	0.000000	0.000000	0.000000	0.000000
5.444000E-6	0.470271	2.498278E-8	3.770800E-5	0.325184	9.863993E-8	0.000000	0.000000	0.000000	0.000000	0.000000	0.000000
5.436000E-6	0.620520	2.673338E-8	2.350800E-5	0.329160	9.883188E-8	0.000000	0.000000	0.000000	0.000000	0.000000	0.000000
5.432000E-6	0.647316	2.902361E-8	2.008800E-5	0.346121	9.940075E-8	0.000000	0.000000	0.000000	0.000000	0.000000	0.000000
5.444000E-6	0.524911	2.759239E-8	2.217600E-5	0.331842	9.914543E-8	0.000000	0.000000	0.000000	0.000000	0.000000	0.000000
5.444000E-6	0.476578	2.201361E-8	3.068400E-5	0.327262	9.843170E-8	0.000000	0.000000	0.000000	0.000000	0.000000	0.000000
5.432000E-6	0.555019	2.858680E-8	1.312400E-5	0.344576	9.975255E-8	0.000000	0.000000	0.000000	0.000000	0.000000	0.000000
5.432000E-6	0.668807	2.872800E-8	2.507200E-5	0.334218	9.906754E-8	0.000000	0.000000	0.000000	0.000000	0.000000	0.000000
5.436000E-6	0.606200	2.899624E-8	1.456000E-5	0.336497	9.920965E-8	0.000000	0.000000	0.000000	0.000000	0.000000	0.000000
5.436000E-6	0.489229	3.164129E-8	2.712800E-5	0.328181	9.913272E-8	0.000000	0.000000	0.000000	0.000000	0.000000	0.000000
5.440000E-6	0.489564	2.559871E-8	9.520000E-6	0.331616	9.880696E-8	0.000000	0.000000	0.000000	0.000000	0.000000	0.000000
5.432000E-6	0.649726	3.058958E-8	2.930800E-5	0.337118	9.940426E-8	0.000000	0.000000	0.000000	0.000000	0.000000	0.000000
5.432000E-6	0.656119	3.127208E-8	6.592000E-6	0.326875	9.909239E-8	0.000000	0.000000	0.000000	0.000000	0.000000	0.000000
5.448000E-6	0.506599	2.910945E-8	3.656000E-5	0.328936	9.929446E-8	0.000000	0.000000	0.000000	0.000000	0.000000	0.000000
5.440000E-6	0.541060	2.438546E-8	2.644000E-5	0.340855	9.932913E-8	0.000000	0.000000	0.000000	0.000000	0.000000	0.000000
5.372000E-6	0.331678	1.021498E-7	4.537200E-5	0.349820	2.509903E-8	0.000000	0.000000	0.000000	0.000000	0.000000	0.000000
5.440000E-6	0.491436	2.652730E-8	3.246800E-5	0.334140	9.872856E-8	0.000000	0.000000	0.000000	0.000000	0.000000	0.000000
5.428000E-6	0.698229	3.849193E-8	1.367200E-5	0.331441	9.937715E-8	0.000000	0.000000	0.000000	0.000000	0.000000	0.000000
5.440000E-6	0.576694	2.605991E-8	2.415600E-5	0.323939	9.839980E-8	0.000000	0.000000	0.000000	0.000000	0.000000	0.000000
5.444000E-6	0.579101	2.746455E-8	2.666000E-5	0.331178	9.936528E-8	0.000000	0.000000	0.000000	0.000000	0.000000	0.000000
5.444000E-6	0.532564	2.747970E-8	2.730000E-5	0.331250	9.911194E-8	0.000000	0.000000	0.000000	0.000000	0.000000	0.000000
5.440000E-6	0.603221	2.597110E-8	1.124400E-5	0.335398	9.942410E-8	0.000000	0.000000	0.000000	0.000000	0.000000	0.000000
5.436000E-6	0.671501	2.970445E-8	2.313200E-5	0.332882	9.937785E-8	0.000000	0.000000	0.000000	0.000000	0.000000	0.000000
5.436000E-6	0.568139	2.802306E-8	2.192000E-5	0.337252	9.958047E-8	0.000000	0.000000	0.000000	0.000000	0.000000	0.000000
5.444000E-6	0.359717	3.657094E-8	2.074400E-5	0.328779	9.854937E-8	0.000000	0.000000	0.000000	0.000000	0.000000	0.000000
5.436000E-6	0.652285	2.843579E-8	2.933600E-5	0.335934	9.887132E-8	0.000000	0.000000	0.000000	0.000000	0.000000	0.000000
5.444000E-6	0.527858	2.733651E-8	1.437200E-5	0.336956	9.870734E-8	0.000000	0.000000	0.000000	0.000000	0.000000	0.000000
5.436000E-6	0.615637	2.803028E-8	2.733200E-5	0.336749	9.925791E-8	0.000000	0.000000	0.000000	0.000000	0.000000	0.000000
5.436000E-6	0.578913	2.639459E-8	3.214400E-5	0.334966	9.930520E-8	0.000000	0.000000	0.000000	0.000000	0.000000	0.000000
5.428000E-6	0.683653	3.212050E-8	2.271200E-5	0.332525	9.943908E-8	0.000000	0.000000	0.000000	0.000000	0.000000	0.000000
5.444000E-6	0.543287	2.626043E-8	2.557200E-5	0.333956	9.894962E-8	0.000000	0.000000	0.000000	0.000000	0.000000	0.000000
5.440000E-6	0.570725	3.091944E-8	8.364000E-6	0.318238	9.783918E-8	0.000000	0.000000	0.000000	0.000000	0.000000	0.000000
5.436000E-6	0.614118	2.788285E-8	1.221600E-5	0.333327	9.926980E-8	0.000000	0.000000	0.000000	0.000000	0.000000	0.000000
5.436000E-6	0.560302	2.638663E-8	1.918800E-5	0.330739	9.874237E-8	0.000000	0.000000	0.000000	0.000000	0.000000	0.000000
5.440000E-6	0.575503	2.698924E-8	1.316800E-5	0.335998	9.943956E-8	0.000000	0.000000	0.000000	0.000000	0.000000	0.000000
5.444000E-6	0.497114	2.243832E-8	1.657200E-5	0.334976	9.890505E-8	0.000000	0.000000	0.000000	0.000000	0.000000	0.000000
5.440000E-6	0.573189	3.045188E-8	3.506000E-5	0.335656	9.945596E-8	0.000000	0.000000	0.000000	0.000000	0.000000	0.000000
5.436000E-6	0.588754	2.918688E-8	1.293600E-5	0.331635	9.890225E-8	0.000000	0.000000	0.000000	0.000000	0.000000	0.000000
5.444000E-6	0.543159	2.682533E-8	2.279200E-5	0.334672	9.884714E-8	0.000000	0.000000	0.000000	0.000000	0.000000	0.000000
5.436000E-6	0.623284	2.898969E-8	1.176800E-5	0.328989	9.881550E-8	0.000000	0.000000	0.000000	0.000000	0.000000	0.000000
5.432000E-6	0.697955	3.147712E-8	2.988400E-5	0.338378	9.934563E-8	0.000000	0.000000	0.000000	0.000000	0.000000	0.000000
5.432000E-6	0.302916	1.037781E-7	4.542800E-5	0.007219	2.708883E-8	0.000000	0.000000	0.000000	0.000000	0.000000	0.000000
5.432000E-6	0.392940	1.012103E-7	4.543200E-5	-0.010493	2.698978E-8	0.000000	0.000000	0.000000	0.000000	0.000000	0.000000
5.436000E-6	0.595408	2.651214E-8	3.114800E-5	0.337721	9.923164E-8	0.000000	0.000000	0.000000	0.000000	0.000000	0.000000
5.440000E-6	0.585181	2.729585E-8	1.522400E-5	0.337645	9.935911E-8	0.000000	0.000000	0.000000	0.000000	0.000000	0.000000
5.408000E-6	0.349437	9.743236E-8	4.540800E-5	-0.020774	1.446683E-8	0.000000	0.000000	0.000000	0.000000	0.000000	0.000000
5.448000E-6	0.477745	2.606145E-8	2.956800E-5	0.330243	9.858991E-8	0.000000	0.000000	0.000000	0.000000	0.000000	0.000000
5.440000E-6	0.551541	2.671024E-8	3.011200E-5	0.330029	9.886112E-8	0.000000	0.000000	0.000000	0.000000	0.000000	0.000000
5.436000E-6	0.603320	2.705411E-8	2.896400E-5	0.334083	9.855507E-8	0.000000	0.000000	0.000000	0.000000	0.000000	0.000000
5.440000E-6	0.536285	2.546341E-8	1.823600E-5	0.333261	9.924303E-8	0.000000	0.000000	0.000000	0.000000	0.000000	0.000000
5.440000E-6	0.525626	2.586302E-8	2.019600E-5	0.337132	9.919508E-8	0.000000	0.000000	0.000000	0.000000	0.000000	0.000000
5.440000E-6	0.555782	2.582364E-8	6.296000E-6	0.361321	1.001222E-7	0.000000	0.000000	0.000000	0.000000	0.000000	0.000000
5.436000E-6	0.647513	3.648967E-8	2.567600E-5	0.333022	9.924678E-8	0.000000	0.000000	0.000000	0.000000	0.000000	0.000000
5.432000E-6	0.659730	2.766595E-8	1.486800E-5	0.343245	9.959011E-8	0.000000	0.000000	0.000000	0.000000	0.000000	0.000000
5.436000E-6	0.438589	2.937904E-8	1.972400E-5	0.341053	9.968807E-8	0.000000	0.000000	0.000000	0.000000	0.000000	0.000000
5.432000E-6	0.682755	3.044795E-8	3.162800E-5	0.327612	9.880997E-8	0.000000	0.000000	0.000000	0.000000	0.000000	0.000000
5.436000E-6	0.570966	2.788774E-8	1.775600E-5	0.331742	9.876671E-8	0.000000	0.000000	0.000000	0.000000	0.000000	0.000000
5.444000E-6	0.491749	2.457577E-8	2.197200E-5	0.322006	9.873627E-8	0.000000	0.000000	0.000000	0.000000	0.000000	0.000000
5.432000E-6	0.678578	2.884848E-8	3.742400E-5	0.334645	9.902464E-8	0.000000	0.000000	0.000000	0.000000	0.000000	0.000000
5.440000E-6	0.555659	2.617290E-8	2.893200E-5	0.345036	9.992391E-8	0.000000	0.000000	0.000000	0.000000	0.000000	0.000000
5.436000E-6	0.568219	2.783264E-8	2.518800E-5	0.329697	9.890718E-8	0.000000	0.000000	0.000000	0.000000	0.000000	0.000000
5.436000E-6	0.640612	2.880621E-8	2.028400E-5	0.332766	9.881379E-8	0.000000	0.000000	0.000000	0.000000	0.000000	0.000000
5.440000E-6	0.613101	2.512181E-8	1.341200E-5	0.329860	9.839211E-8	0.000000	0.000000	0.000000	0.000000	0.000000	0.000000
5.440000E-6	0.505837	2.662671E-8	1.362800E-5	0.338636	9.932099E-8	0.000000	0.000000	0.000000	0.000000	0.000000	0.000000
5.440000E-6	0.550655	2.534312E-8	1.767200E-5	0.335701	9.945673E-8	0.000000	0.000000	0.000000	0.000000	0.000000	0.000000
5.448000E-6	0.401861	2.164408E-8	2.386800E-5	0.331903	9.914276E-8	0.000000	0.000000	0.000000	0.000000	0.000000	0.000000
5.436000E-6	0.644769	2.897417E-8	2.845200E-5	0.337318	9.889015E-8	0.000000	0.000000	0.000000	0.000000	0.000000	0.000000
5.440000E-6	0.529543	2.203055E-8	2.549200E-5	0.328993	9.914652E-8	0.000000	0.000000	0.000000	0.000000	0.000000	0.000000
5.432000E-6	0.653211	2.912592E-8	1.536800E-5	0.337396	9.921349E-8	0.000000	0.000000	0.000000	0.000000	0.000000	0.000000
5.404000E-6	0.331436	1.005100E-7	4.540400E-5	0.044198	0.000000	0.000000	0.000000	0.000000	0.000000	0.000000	0.000000
5.444000E-6	0.513559	2.774314E-8	2.134800E-5	0.334159	9.892861E-8	0.000000	0.000000	0.000000	0.000000	0.000000	0.000000
5.440000E-6	0.370091	3.842771E-8	1.523600E-5	0.341508	9.986601E-8	0.000000	0.000000	0.000000	0.000000	0.000000	0.000000
5.448000E-6	0.473439	2.550972E-8	3.223200E-5	0.333200	9.913074E-8	0.000000	0.000000	0.000000	0.000000	0.000000	0.000000
5.436000E-6	0.578272	2.674428E-8	3.544400E-5	0.337554	9.890491E-8	0.000000	0.000000	0.000000	0.000000	0.000000	0.000000
5.444000E-6	0.534231	2.991539E-8	6.764000E-6	0.339091	9.917686E-8	0.000000	0.000000	0.000000	0.000000	0.000000	0.000000
5.440000E-6	0.602007	2.836543E-8	2.693200E-5	0.336247	9.886676E-8	0.000000	0.000000	0.000000	0.000000	0.000000	0.000000
5.428000E-6	0.686041	3.184392E-8	3.394000E-5	0.336806	9.870083E-8	0.000000	0.000000	0.000000	0.000000	0.000000	0.000000
5.440000E-6	0.579225	2.776290E-8	3.165600E-5	0.330293	9.866519E-8	0.000000	0.000000	0.000000	0.000000	0.000000	0.000000
5.432000E-6	0.677239	3.012249E-8	8.704000E-6	0.334088	9.879576E-8	0.000000	0.000000	0.000000	0.000000	0.000000	0.000000
5.436000E-6	0.596281	2.965122E-8	3.392000E-5	0.332726	9.914221E-8	0.000000	0.000000	0.000000	0.000000	0.000000	0.000000
5.444000E-6	0.470077	2.654529E-8	2.774400E-5	0.328310	9.921539E-8	0.000000	0.000000	0.000000	0.000000	0.000000	0.000000
5.444000E-6	0.491117	2.634221E-8	3.499200E-5	0.336794	9.927919E-8	0.000000	0.000000	0.000000	0.000000	0.000000	0.000000
5.436000E-6	0.616513	2.592584E-8	1.441600E-5	0.327950	9.857753E-8	0.000000	0.000000	0.000000	0.000000	0.000000	0.000000
5.444000E-6	0.441065	3.200925E-8	3.755600E-5	0.330016	9.864587E-8	0.000000	0.000000	0.000000	0.000000	0.000000	0.000000
5.436000E-6	0.582297	2.797346E-8	1.117600E-5	0.336263	9.931027E-8	0.000000	0.000000	0.000000	0.000000	0.000000	0.000000
5.444000E-6	0.496416	2.434704E-8	3.742400E-5	0.337055	9.946299E-8	0.000000	0.000000	0.000000	0.000000	0.000000	0.000000
5.440000E-6	0.511515	2.791089E-8	1.258400E-5	0.332389	9.895457E-8	0.000000	0.000000	0.000000	0.000000	0.000000	0.000000
5.440000E-6	0.547249	2.574120E-8	2.257600E-5	0.323713	9.888465E-8	0.000000	0.000000	0.000000	0.000000	0.000000	0.000000
5.444000E-6	0.494648	2.685764E-8	1.065200E-5	0.343855	9.929902E-8	0.000000	0.000000	0.000000	0.000000	0.000000	0.000000
5.436000E-6	0.597196	2.746157E-8	3.734800E-5	0.332600	9.886554E-8	0.000000	0.000000	0.000000	0.000000	0.000000	0.000000
5.432000E-6	0.657750	2.952802E-8	1.108400E-5	0.329426	9.924828E-8	0.000000	0.000000	0.000000	0.000000	0.000000	0.000000
5.440000E-6	0.499332	2.713942E-8	3.092800E-5	0.336915	9.940979E-8	0.000000	0.000000	0.000000	0.000000	0.000000	0.000000
5.440000E-6	0.551412	2.574115E-8	3.604800E-5	0.330293	9.921723E-8	0.000000	0.000000	0.000000	0.000000	0.000000	0.000000
5.444000E-6	0.518252	2.884696E-8	2.271600E-5	0.329079	9.848760E-8	0.000000	0.000000	0.000000	0.000000	0.000000	0.000000
5.444000E-6	0.533018	2.536843E-8	2.555200E-5	0.326145	9.834337E-8	0.000000	0.000000	0.000000	0.000000	0.000000	0.000000
5.440000E-6	0.540318	2.727920E-8	2.969600E-5	0.328546	9.891541E-8	0.000000	0.000000	0.000000	0.000000	0.000000	0.000000
5.436000E-6	0.624283	2.772113E-8	2.049600E-5	0.330127	9.873482E-8	0.000000	0.000000	0.000000	0.000000	0.000000	0.000000
5.432000E-6	0.685963	2.938674E-8	3.690400E-5	0.325025	9.872829E-8	0.000000	0.000000	0.000000	0.000000	0.000000	0.000000
5.436000E-6	0.621499	3.006101E-8	1.343200E-5	0.336396	9.899380E-8	0.000000	0.000000	0.000000	0.000000	0.000000	0.000000
5.436000E-6	0.655777	2.983844E-8	1.583200E-5	0.332277	9.955693E-8	0.000000	0.000000	0.000000	0.000000	0.000000	0.000000
5.436000E-6	0.629635	2.657611E-8	3.161600E-5	0.332096	9.938270E-8	0.000000	0.000000	0.000000	0.000000	0.000000	0.000000
5.436000E-6	0.605018	3.144440E-8	2.906000E-5	0.343348	9.991510E-8	0.000000	0.000000	0.000000	0.000000	0.000000	0.000000
5.440000E-6	0.579867	2.868413E-8	3.820800E-5	0.338310	9.898050E-8	0.000000	0.000000	0.000000	0.000000	0.000000	0.000000
5.440000E-6	0.318506	3.593520E-8	3.548400E-5	0.322944	9.865533E-8	0.000000	0.000000	0.000000	0.000000	0.000000	0.000000
5.444000E-6	0.546669	2.475663E-8	1.015600E-5	0.335981	9.889177E-8	0.000000	0.000000	0.000000	0.000000	0.000000	0.000000
5.444000E-6	0.579415	2.517926E-8	1.976800E-5	0.334288	9.947843E-8	0.000000	0.000000	0.000000	0.000000	0.000000	0.000000
5.432000E-6	0.413236	4.088082E-8	2.790000E-5	0.331658	9.883857E-8	0.000000	0.000000	0.000000	0.000000	0.000000	0.000000
5.440000E-6	0.526790	2.854806E-8	3.067200E-5	0.333123	9.928619E-8	0.000000	0.000000	0.000000	0.000000	0.000000	0.000000
5.444000E-6	0.512687	2.570164E-8	2.317600E-5	0.332244	9.887581E-8	0.000000	0.000000	0.000000	0.000000	0.000000	0.000000
5.436000E-6	0.587870	2.943467E-8	1.563600E-5	0.336744	9.999834E-8	0.000000	0.000000	0.000000	0.000000	0.000000	0.000000
5.416000E-6	0.512750	8.958915E-8	4.541600E-5	-0.016251	5.830894E-9	0.000000	0.000000	0.000000	0.000000	0.000000	0.000000
5.432000E-6	0.645271	2.909714E-8	3.441200E-5	0.331901	9.964302E-8	0.000000	0.000000	0.000000	0.000000	0.000000	0.000000
5.436000E-6	0.286554	3.879950E-8	2.271200E-5	0.332627	9.927982E-8	0.000000	0.000000	0.000000	0.000000	0.000000	0.000000
5.440000E-6	0.551433	3.051288E-8	1.163600E-5	0.325398	9.893103E-8	0.000000	0.000000	0.000000	0.000000	0.000000	0.000000
5.440000E-6	0.617465	3.098598E-8	3.677200E-5	0.332852	9.883712E-8	0.000000	0.000000	0.000000	0.000000	0.000000	0.000000
5.384000E-6	0.610113	8.335009E-8	4.538400E-5	0.353166	1.467191E-8	0.000000	0.000000	0.000000	0.000000	0.000000	0.000000
5.440000E-6	0.560091	2.656684E-8	1.183200E-5	0.334992	9.958815E-8	0.000000	0.000000	0.000000	0.000000	0.000000	0.000000
5.440000E-6	0.583688	2.616482E-8	1.801600E-5	0.341503	9.954015E-8	0.000000	0.000000	0.000000	0.000000	0.000000	0.000000
5.436000E-6	0.574120	2.730884E-8	1.304800E-5	0.330026	9.904266E-8	0.000000	0.000000	0.000000	0.000000	0.000000	0.000000
5.432000E-6	0.674835	2.834763E-8	2.438800E-5	0.334447	9.937470E-8	0.000000	0.000000	0.000000	0.000000	0.000000	0.000000
5.444000E-6	0.517458	2.688651E-8	2.899600E-5	0.336951	9.936177E-8	0.000000	0.000000	0.000000	0.000000	0.000000	0.000000
5.440000E-6	0.573724	2.637837E-8	3.644800E-5	0.332712	9.901776E-8	0.000000	0.000000	0.000000	0.000000	0.000000	0.000000
5.436000E-6	0.610227	2.660526E-8	9.868000E-6	0.328235	9.824090E-8	0.000000	0.000000	0.000000	0.000000	0.000000	0.000000
5.436000E-6	0.538727	2.750732E-8	3.277600E-5	0.333198	9.953769E-8	0.000000	0.000000	0.000000	0.000000	0.000000	0.000000
5.404000E-6	0.318903	9.751118E-8	4.540400E-5	0.072621	0.000000	0.000000	0.000000	0.000000	0.000000	0.000000	0.000000
5.444000E-6	0.495858	2.787247E-8	3.246000E-5	0.330609	9.949484E-8	0.000000	0.000000	0.000000	0.000000	0.000000	0.000000
5.436000E-6	0.599277	2.870590E-8	3.615600E-5	0.332191	9.964475E-8	0.000000	0.000000	0.000000	0.000000	0.000000	0.000000
5.444000E-6	0.534479	2.409753E-8	2.101600E-5	0.336059	9.903587E-8	0.000000	0.000000	0.000000	0.000000	0.000000	0.000000
5.436000E-6	0.581871	2.797239E-8	2.184000E-5	0.331604	9.952405E-8	0.000000	0.000000	0.000000	0.000000	0.000000	0.000000
5.440000E-6	0.541911	2.716756E-8	2.587600E-5	0.336775	9.955617E-8	0.000000	0.000000	0.000000	0.000000	0.000000	0.000000
5.436000E-6	0.619558	2.879233E-8	1.621600E-5	0.332148	9.922158E-8	0.000000	0.000000	0.000000	0.000000	0.000000	0.000000
5.436000E-6	0.565080	2.970209E-8	2.430000E-5	0.332747	9.941514E-8	0.000000	0.000000	0.000000	0.000000	0.000000	0.000000
5.436000E-6	0.607136	2.663606E-8	2.479600E-5	0.334364	9.908827E-8	0.000000	0.000000	0.000000	0.000000	0.000000	0.000000
5.440000E-6	0.454451	3.355698E-8	3.823200E-5	0.326738	9.880069E-8	0.000000	0.000000	0.000000	0.000000	0.000000	0.000000
5.432000E-6	0.696999	3.272755E-8	2.227600E-5	0.339675	9.895993E-8	0.000000	0.000000	0.000000	0.000000	0.000000	0.000000
5.436000E-6	0.597780	2.804836E-8	3.350400E-5	0.334176	9.861985E-8	0.000000	0.000000	0.000000	0.000000	0.000000	0.000000
5.440000E-6	0.553544	2.715601E-8	2.040800E-5	0.339462	9.936184E-8	0.000000	0.000000	0.000000	0.000000	0.000000	0.000000
5.436000E-6	0.609614	2.640486E-8	1.521200E-5	0.336870	9.873052E-8	0.000000	0.000000	0.000000	0.000000	0.000000	0.000000
5.432000E-6	0.431127	3.962100E-8	3.315600E-5	0.327556	9.875784E-8	0.000000	0.000000	0.000000	0.000000	0.000000	0.000000
5.436000E-6	0.624668	2.855924E-8	2.097200E-5	0.334393	9.875517E-8	0.000000	0.000000	0.000000	0.000000	0.000000	0.000000
5.440000E-6	0.581549	2.689146E-8	1.827200E-5	0.334653	9.918675E-8	0.000000	0.000000	0.000000	0.000000	0.000000	0.000000
5.432000E-6	0.667567	2.993266E-8	2.188800E-5	0.334489	9.910156E-8	0.000000	0.000000	0.000000	0.000000	0.000000	0.000000
5.444000E-6	0.475209	2.748357E-8	1.460800E-5	0.340236	9.903485E-8	0.000000	0.000000	0.000000	0.000000	0.000000	0.000000
5.436000E-6	0.593860	3.006989E-8	9.172000E-6	0.337734	9.941150E-8	0.000000	0.000000	0.000000	0.000000	0.000000	0.000000
5.440000E-6	0.587437	2.693792E-8	2.548800E-5	0.335356	9.970465E-8	0.000000	0.000000	0.000000	0.000000	0.000000	0.000000
5.436000E-6	0.643277	2.721880E-8	3.620000E-5	0.338958	9.940219E-8	0.000000	0.000000	0.000000	0.000000	0.000000	0.000000
5.440000E-6	0.594782	2.651512E-8	2.631600E-5	0.340108	9.935081E-8	0.000000	0.000000	0.000000	0.000000	0.000000	0.000000
5.436000E-6	0.396653	3.495081E-8	3.626400E-5	0.340311	9.964827E-8	0.000000	0.000000	0.000000	0.000000	0.000000	0.000000
5.444000E-6	0.472433	2.553216E-8	3.016800E-5	0.342703	1.000940E-7	0.000000	0.000000	0.000000	0.000000	0.000000	0.000000
5.444000E-6	0.443652	2.999511E-8	1.015200E-5	0.338296	9.899171E-8	0.000000	0.000000	0.000000	0.000000	0.000000	0.000000
5.440000E-6	0.502655	2.747413E-8	1.821200E-5	0.322869	9.898433E-8	0.000000	0.000000	0.000000	0.000000	0.000000	0.000000
5.440000E-6	0.525601	2.546501E-8	3.084400E-5	0.327418	9.926072E-8	0.000000	0.000000	0.000000	0.000000	0.000000	0.000000
5.432000E-6	0.665807	2.935751E-8	2.780400E-5	0.336482	9.950429E-8	0.000000	0.000000	0.000000	0.000000	0.000000	0.000000
5.424000E-6	0.691576	3.373306E-8	2.662800E-5	0.336295	9.939794E-8	0.000000	0.000000	0.000000	0.000000	0.000000	0.000000
5.440000E-6	0.559870	2.745527E-8	3.026800E-5	0.341358	9.940246E-8	0.000000	0.000000	0.000000	0.000000	0.000000	0.000000
5.440000E-6	0.559403	2.804961E-8	3.784800E-5	0.332316	9.900439E-8	0.000000	0.000000	0.000000	0.000000	0.000000	0.000000
5.440000E-6	0.541962	2.688387E-8	2.568000E-5	0.334632	9.898731E-8	0.000000	0.000000	0.000000	0.000000	0.000000	0.000000
5.420000E-6	0.344825	9.838965E-8	4.542000E-5	-0.015774	4.341037E-9	0.000000	0.000000	0.000000	0.000000	0.000000	0.000000
5.444000E-6	0.542055	2.808944E-8	1.961200E-5	0.340648	9.898533E-8	0.000000	0.000000	0.000000	0.000000	0.000000	0.000000
5.432000E-6	0.673074	2.911780E-8	1.066000E-5	0.338294	9.941512E-8	0.000000	0.000000	0.000000	0.000000	0.000000	0.000000
5.432000E-6	0.681910	2.884245E-8	6.384000E-6	0.411287	1.015811E-7	0.000000	0.000000	0.000000	0.000000	0.000000	0.000000
5.440000E-6	0.557617	2.620856E-8	2.114800E-5	0.329551	9.945919E-8	0.000000	0.000000	0.000000	0.000000	0.000000	0.000000
5.420000E-6	0.340485	9.771792E-8	4.542000E-5	0.007036	2.952759E-8	0.000000	0.000000	0.000000	0.000000	0.000000	0.000000
5.440000E-6	0.447981	3.146634E-8	1.771200E-5	0.340452	9.930371E-8	0.000000	0.000000	0.000000	0.000000	0.000000	0.000000
5.436000E-6	0.342759	3.499020E-8	5.744000E-6	0.331185	1.012279E-7	0.000000	0.000000	0.000000	0.000000	0.000000	0.000000
5.444000E-6	0.489697	2.503146E-8	9.608000E-6	0.335482	9.872755E-8	0.000000	0.000000	0.000000	0.000000	0.000000	0.000000
5.436000E-6	0.586991	2.652920E-8	1.051600E-5	0.344934	9.915904E-8	0.000000	0.000000	0.000000	0.000000	0.000000	0.000000
5.436000E-6	0.559313	2.744473E-8	2.472000E-5	0.333227	9.925606E-8	0.000000	0.000000	0.000000	0.000000	0.000000	0.000000
5.432000E-6	0.691708	3.246982E-8	1.031600E-5	0.330786	9.881284E-8	0.000000	0.000000	0.000000	0.000000	0.000000	0.000000
5.440000E-6	0.554377	2.562223E-8	6.804000E-6	0.343667	9.929344E-8	0.000000	0.000000	0.000000	0.000000	0.000000	0.000000
5.432000E-6	0.670630	3.007438E-8	2.298000E-5	0.330508	9.939398E-8	0.000000	0.000000	0.000000	0.000000	0.000000	0.000000
5.440000E-6	0.565058	2.403739E-8	1.659200E-5	0.335156	9.932172E-8	0.000000	0.000000	0.000000	0.000000	0.000000	0.000000
5.432000E-6	0.655285	2.740274E-8	2.275600E-5	0.336165	9.892600E-8	0.000000	0.000000	0.000000	0.000000	0.000000	0.000000
5.440000E-6	0.611698	2.838694E-8	9.640000E-6	0.331121	9.940270E-8	0.000000	0.000000	0.000000	0.000000	0.000000	0.000000
5.436000E-6	0.649488	2.639232E-8	6.200000E-6	0.321783	1.003193E-7	0.000000	0.000000	0.000000	0.000000	0.000000	0.000000
5.440000E-6	0.532102	2.663530E-8	2.960400E-5	0.336055	9.942450E-8	0.000000	0.000000	0.000000	0.000000	0.000000	0.000000
5.444000E-6	0.537234	2.752860E-8	3.368800E-5	0.337960	9.963938E-8	0.000000	0.000000	0.000000	0.000000	0.000000	0.000000
5.440000E-6	0.617914	2.732774E-8	3.075200E-5	0.340235	9.922298E-8	0.000000	0.000000	0.000000	0.000000	0.000000	0.000000
5.392000E-6	0.331126	9.606242E-8	4.539200E-5	0.306488	9.154012E-9	0.000000	0.000000	0.000000	0.000000	0.000000	0.000000
5.432000E-6	0.655462	2.881486E-8	3.963200E-5	0.333483	9.923664E-8	0.000000	0.000000	0.000000	0.000000	0.000000	0.000000
5.440000E-6	0.498209	2.537833E-8	2.223600E-5	0.329275	9.898234E-8	0.000000	0.000000	0.000000	0.000000	0.000000	0.000000
5.440000E-6	0.565144	2.786441E-8	1.940000E-5	0.332935	9.878104E-8	0.000000	0.000000	0.000000	0.000000	0.000000	0.000000
5.440000E-6	0.567719	2.712346E-8	2.816000E-5	0.333416	9.937232E-8	0.000000	0.000000	0.000000	0.000000	0.000000	0.000000
5.440000E-6	0.577136	2.582959E-8	3.062400E-5	0.332783	9.895803E-8	0.000000	0.000000	0.000000	0.000000	0.000000	0.000000
5.444000E-6	0.525887	2.610026E-8	3.137600E-5	0.336094	9.943233E-8	0.000000	0.000000	0.000000	0.000000	0.000000	0.000000
5.440000E-6	0.552397	2.843519E-8	2.530400E-5	0.329041	9.953790E-8	0.000000	0.000000	0.000000	0.000000	0.000000	0.000000
5.436000E-6	0.641218	2.788949E-8	3.786800E-5	0.343857	9.936757E-8	0.000000	0.000000	0.000000	0.000000	0.000000	0.000000
5.440000E-6	0.530582	2.674580E-8	2.779200E-5	0.335235	9.877383E-8	0.000000	0.000000	0.000000	0.000000	0.000000	0.000000
5.432000E-6	0.640330	2.910264E-8	2.035200E-5	0.329979	9.852851E-8	0.000000	0.000000	0.000000	0.000000	0.000000	0.000000
5.448000E-6	0.528859	3.024095E-8	3.553600E-5	0.334777	9.913029E-8	0.000000	0.000000	0.000000	0.000000	0.000000	0.000000
5.440000E-6	0.476203	3.121995E-8	3.182000E-5	0.338507	9.935769E-8	0.000000	0.000000	0.000000	0.000000	0.000000	0.000000
5.440000E-6	0.594926	3.017158E-8	2.206000E-5	0.331736	9.887444E-8	0.000000	0.000000	0.000000	0.000000	0.000000	0.000000
