Trigger Count=443	Output Count=389	Elapsed Time=05:00.877	Number of Pulses CH0=0	Number of Pulses CH1=2
 rate (Hz)=2.50E+8	Min record length=11364	Trigger level (V)=0.6000	Channel 0 threshold (V)=0.2000	Channel 1 threshold (V)=0.2000	Range (microseconds)=40.0000	Pulse 2 delay (microseconds)=1.0000	Lower cut-off frequency (Hz)=3.00E+7
                             	                             
Ch0_time1 (s)	Ch0_amp1 (V)	Ch0_width1 (s)	Ch0_time2 (s)	Ch0_amp2 (V)	Ch0_width2 (s)	Ch1_time1 (s)	Ch1_amp1 (V)	Ch1_width1 (s)	Ch1_time2 (s)	Ch1_amp2 (V)	Ch1_width2 (s)
0.000000	0.000000	0.000000	0.000000	0.000000	0.000000	5.436000E-6	0.591619	2.811816E-8	2.488800E-5	0.325716	9.914335E-8
0.000000	0.000000	0.000000	0.000000	0.000000	0.000000	5.436000E-6	0.621735	2.855564E-8	3.564000E-5	0.331483	9.949447E-8
0.000000	0.000000	0.000000	0.000000	0.000000	0.000000	5.428000E-6	0.691804	3.506650E-8	1.241200E-5	0.328699	9.899105E-8
0.000000	0.000000	0.000000	0.000000	0.000000	0.000000	5.440000E-6	0.619382	2.587258E-8	3.692000E-5	0.320902	9.903762E-8
0.000000	0.000000	0.000000	0.000000	0.000000	0.000000	5.436000E-6	0.603327	2.675143E-8	1.972000E-5	0.329694	9.922585E-8
0.000000	0.000000	0.000000	0.000000	0.000000	0.000000	5.432000E-6	0.637079	2.976963E-8	2.396800E-5	0.326716	9.931497E-8
0.000000	0.000000	0.000000	0.000000	0.000000	0.000000	5.436000E-6	0.594699	2.769749E-8	3.532000E-5	0.328529	9.894833E-8
0.000000	0.000000	0.000000	0.000000	0.000000	0.000000	5.440000E-6	0.562815	2.629288E-8	1.469600E-5	0.324256	9.885061E-8
0.000000	0.000000	0.000000	0.000000	0.000000	0.000000	5.432000E-6	0.691298	3.180364E-8	1.162800E-5	0.322797	9.905429E-8
0.000000	0.000000	0.000000	0.000000	0.000000	0.000000	5.444000E-6	0.544678	2.918842E-8	1.568800E-5	0.322778	9.850147E-8
0.000000	0.000000	0.000000	0.000000	0.000000	0.000000	5.440000E-6	0.389404	3.835362E-8	7.264000E-6	0.318979	9.861312E-8
0.000000	0.000000	0.000000	0.000000	0.000000	0.000000	5.444000E-6	0.491897	2.591607E-8	1.154000E-5	0.332148	9.998928E-8
0.000000	0.000000	0.000000	0.000000	0.000000	0.000000	5.444000E-6	0.589717	2.578450E-8	1.467200E-5	0.338211	9.921628E-8
0.000000	0.000000	0.000000	0.000000	0.000000	0.000000	5.436000E-6	0.577573	2.756942E-8	3.005600E-5	0.324838	9.922552E-8
0.000000	0.000000	0.000000	0.000000	0.000000	0.000000	5.444000E-6	0.552751	2.563179E-8	3.617200E-5	0.322258	9.940923E-8
0.000000	0.000000	0.000000	0.000000	0.000000	0.000000	5.436000E-6	0.659216	2.770517E-8	1.420800E-5	0.323879	9.926967E-8
0.000000	0.000000	0.000000	0.000000	0.000000	0.000000	5.444000E-6	0.532964	2.521036E-8	2.553200E-5	0.321660	9.931464E-8
0.000000	0.000000	0.000000	0.000000	0.000000	0.000000	5.444000E-6	0.324724	3.213110E-8	3.526400E-5	0.324619	9.836698E-8
0.000000	0.000000	0.000000	0.000000	0.000000	0.000000	5.436000E-6	0.636714	2.835138E-8	1.927600E-5	0.327755	9.894959E-8
0.000000	0.000000	0.000000	0.000000	0.000000	0.000000	5.436000E-6	0.675044	2.807701E-8	3.584000E-5	0.326139	9.926578E-8
0.000000	0.000000	0.000000	0.000000	0.000000	0.000000	5.432000E-6	0.619091	3.022065E-8	1.222000E-5	0.329681	9.957756E-8
0.000000	0.000000	0.000000	0.000000	0.000000	0.000000	5.436000E-6	0.645640	2.913687E-8	8.744000E-6	0.334676	9.949198E-8
0.000000	0.000000	0.000000	0.000000	0.000000	0.000000	5.436000E-6	0.666832	2.815079E-8	2.180000E-5	0.326036	9.969473E-8
0.000000	0.000000	0.000000	0.000000	0.000000	0.000000	5.432000E-6	0.615887	2.961742E-8	1.366400E-5	0.321809	9.854974E-8
0.000000	0.000000	0.000000	0.000000	0.000000	0.000000	5.436000E-6	0.300388	1.014974E-7	4.543600E-5	0.003795	7.467944E-9
0.000000	0.000000	0.000000	0.000000	0.000000	0.000000	5.424000E-6	0.583255	4.047895E-8	3.384000E-5	0.325566	9.890402E-8
0.000000	0.000000	0.000000	0.000000	0.000000	0.000000	5.428000E-6	0.696312	3.088996E-8	3.409200E-5	0.323301	9.938092E-8
0.000000	0.000000	0.000000	0.000000	0.000000	0.000000	5.436000E-6	0.647778	2.414696E-8	3.102000E-5	0.327323	9.935786E-8
0.000000	0.000000	0.000000	0.000000	0.000000	0.000000	5.444000E-6	0.516230	2.514003E-8	3.908000E-5	0.335168	9.978417E-8
0.000000	0.000000	0.000000	0.000000	0.000000	0.000000	5.440000E-6	0.601804	2.645659E-8	2.290400E-5	0.320277	9.871937E-8
0.000000	0.000000	0.000000	0.000000	0.000000	0.000000	5.440000E-6	0.580090	2.721940E-8	2.305600E-5	0.322350	9.931679E-8
0.000000	0.000000	0.000000	0.000000	0.000000	0.000000	5.428000E-6	0.705145	3.489241E-8	3.078000E-5	0.323430	9.912306E-8
0.000000	0.000000	0.000000	0.000000	0.000000	0.000000	5.436000E-6	0.624972	2.765751E-8	3.499600E-5	0.332619	9.960637E-8
0.000000	0.000000	0.000000	0.000000	0.000000	0.000000	5.440000E-6	0.581600	2.633182E-8	1.587200E-5	0.323617	9.964115E-8
0.000000	0.000000	0.000000	0.000000	0.000000	0.000000	5.440000E-6	0.583802	2.659428E-8	1.074800E-5	0.332112	9.928628E-8
0.000000	0.000000	0.000000	0.000000	0.000000	0.000000	5.440000E-6	0.317767	1.058320E-7	4.544000E-5	-0.000531	1.756051E-8
0.000000	0.000000	0.000000	0.000000	0.000000	0.000000	5.440000E-6	0.542658	2.743517E-8	3.048000E-5	0.332802	9.960236E-8
0.000000	0.000000	0.000000	0.000000	0.000000	0.000000	5.440000E-6	0.401029	3.102825E-8	3.136800E-5	0.322346	9.836670E-8
0.000000	0.000000	0.000000	0.000000	0.000000	0.000000	5.440000E-6	0.545220	2.752363E-8	1.272000E-5	0.325663	9.837553E-8
0.000000	0.000000	0.000000	0.000000	0.000000	0.000000	5.436000E-6	0.621024	2.792519E-8	7.656000E-6	0.314803	9.902955E-8
0.000000	0.000000	0.000000	0.000000	0.000000	0.000000	5.444000E-6	0.537653	2.659846E-8	1.719600E-5	0.324268	9.865762E-8
0.000000	0.000000	0.000000	0.000000	0.000000	0.000000	5.436000E-6	0.633361	2.714629E-8	2.507200E-5	0.325916	9.912554E-8
0.000000	0.000000	0.000000	0.000000	0.000000	0.000000	5.432000E-6	0.529464	3.132815E-8	3.663600E-5	0.326841	9.909581E-8
0.000000	0.000000	0.000000	0.000000	0.000000	0.000000	5.432000E-6	0.664088	3.052921E-8	6.664000E-6	0.302702	9.912980E-8
0.000000	0.000000	0.000000	0.000000	0.000000	0.000000	5.432000E-6	0.672722	3.133170E-8	1.723600E-5	0.328363	9.880031E-8
0.000000	0.000000	0.000000	0.000000	0.000000	0.000000	5.428000E-6	0.430076	3.682517E-8	2.405200E-5	0.317431	9.867585E-8
0.000000	0.000000	0.000000	0.000000	0.000000	0.000000	5.432000E-6	0.664043	3.118385E-8	1.970800E-5	0.326393	9.913036E-8
0.000000	0.000000	0.000000	0.000000	0.000000	0.000000	5.440000E-6	0.290067	3.337748E-8	3.098800E-5	0.325624	9.892280E-8
0.000000	0.000000	0.000000	0.000000	0.000000	0.000000	5.440000E-6	0.548295	2.845952E-8	3.342000E-5	0.327294	9.892587E-8
0.000000	0.000000	0.000000	0.000000	0.000000	0.000000	5.444000E-6	0.575147	2.793428E-8	1.058800E-5	0.333877	9.917796E-8
0.000000	0.000000	0.000000	0.000000	0.000000	0.000000	4.904000E-6	0.322176	9.861278E-8	4.490400E-5	0.324192	9.929015E-8
0.000000	0.000000	0.000000	0.000000	0.000000	0.000000	5.440000E-6	0.280448	3.708944E-8	1.831200E-5	0.319867	9.920057E-8
0.000000	0.000000	0.000000	0.000000	0.000000	0.000000	5.432000E-6	0.660625	2.845336E-8	3.274400E-5	0.326393	9.940433E-8
0.000000	0.000000	0.000000	0.000000	0.000000	0.000000	5.444000E-6	0.526098	2.560077E-8	2.946000E-5	0.333308	9.966981E-8
0.000000	0.000000	0.000000	0.000000	0.000000	0.000000	5.432000E-6	0.667285	3.115943E-8	3.415600E-5	0.328248	9.949042E-8
0.000000	0.000000	0.000000	0.000000	0.000000	0.000000	5.444000E-6	0.524897	2.876204E-8	3.403200E-5	0.323889	9.918241E-8
0.000000	0.000000	0.000000	0.000000	0.000000	0.000000	5.444000E-6	0.497136	2.626068E-8	1.385200E-5	0.325442	9.883865E-8
0.000000	0.000000	0.000000	0.000000	0.000000	0.000000	5.440000E-6	0.623743	2.927321E-8	3.050000E-5	0.324401	9.900220E-8
0.000000	0.000000	0.000000	0.000000	0.000000	0.000000	5.444000E-6	0.486295	2.547861E-8	1.322800E-5	0.330185	9.911268E-8
0.000000	0.000000	0.000000	0.000000	0.000000	0.000000	5.444000E-6	0.576827	2.615180E-8	1.691200E-5	0.328390	9.921984E-8
0.000000	0.000000	0.000000	0.000000	0.000000	0.000000	5.432000E-6	0.682480	3.020702E-8	1.160800E-5	0.320547	9.910832E-8
0.000000	0.000000	0.000000	0.000000	0.000000	0.000000	5.444000E-6	0.544740	2.822090E-8	3.335600E-5	0.329798	9.977168E-8
0.000000	0.000000	0.000000	0.000000	0.000000	0.000000	5.432000E-6	0.635895	2.731247E-8	1.786800E-5	0.315113	9.891776E-8
0.000000	0.000000	0.000000	0.000000	0.000000	0.000000	5.432000E-6	0.635831	2.693433E-8	2.236800E-5	0.326440	9.881202E-8
0.000000	0.000000	0.000000	0.000000	0.000000	0.000000	5.440000E-6	0.398269	2.990361E-8	9.640000E-6	0.311157	9.888880E-8
0.000000	0.000000	0.000000	0.000000	0.000000	0.000000	5.436000E-6	0.652321	2.895662E-8	2.926400E-5	0.330832	9.903024E-8
0.000000	0.000000	0.000000	0.000000	0.000000	0.000000	5.440000E-6	0.588155	2.631467E-8	1.828400E-5	0.324710	9.894364E-8
0.000000	0.000000	0.000000	0.000000	0.000000	0.000000	5.444000E-6	0.547296	2.978207E-8	3.398400E-5	0.330563	9.985466E-8
0.000000	0.000000	0.000000	0.000000	0.000000	0.000000	5.448000E-6	0.390359	2.152701E-8	2.945600E-5	0.327640	9.900940E-8
0.000000	0.000000	0.000000	0.000000	0.000000	0.000000	5.432000E-6	0.651232	2.820726E-8	3.667600E-5	0.327951	9.949969E-8
0.000000	0.000000	0.000000	0.000000	0.000000	0.000000	5.444000E-6	0.576422	2.620003E-8	3.220800E-5	0.333552	9.967066E-8
0.000000	0.000000	0.000000	0.000000	0.000000	0.000000	5.440000E-6	0.557884	2.832128E-8	8.648000E-6	0.319914	9.863910E-8
0.000000	0.000000	0.000000	0.000000	0.000000	0.000000	5.440000E-6	0.580086	2.564463E-8	2.630000E-5	0.327420	9.899379E-8
0.000000	0.000000	0.000000	0.000000	0.000000	0.000000	5.436000E-6	0.410203	3.711596E-8	6.984000E-6	0.349069	1.001808E-7
0.000000	0.000000	0.000000	0.000000	0.000000	0.000000	5.444000E-6	0.536651	2.912489E-8	3.084400E-5	0.328953	9.888291E-8
0.000000	0.000000	0.000000	0.000000	0.000000	0.000000	5.436000E-6	0.634459	2.692057E-8	1.468000E-5	0.321469	9.878218E-8
0.000000	0.000000	0.000000	0.000000	0.000000	0.000000	5.436000E-6	0.626159	3.013174E-8	2.548000E-5	0.317496	9.870124E-8
0.000000	0.000000	0.000000	0.000000	0.000000	0.000000	5.420000E-6	0.692597	4.080901E-8	3.405200E-5	0.316360	9.909279E-8
0.000000	0.000000	0.000000	0.000000	0.000000	0.000000	5.440000E-6	0.324174	3.646633E-8	3.469200E-5	0.323661	9.891931E-8
0.000000	0.000000	0.000000	0.000000	0.000000	0.000000	5.432000E-6	0.671552	3.779173E-8	8.320000E-6	0.301965	9.803841E-8
0.000000	0.000000	0.000000	0.000000	0.000000	0.000000	5.436000E-6	0.638841	2.722403E-8	2.273200E-5	0.330945	9.918579E-8
0.000000	0.000000	0.000000	0.000000	0.000000	0.000000	5.440000E-6	0.589188	2.634156E-8	1.616000E-5	0.325177	9.947678E-8
0.000000	0.000000	0.000000	0.000000	0.000000	0.000000	5.440000E-6	0.582210	2.853163E-8	1.308800E-5	0.330600	9.880596E-8
0.000000	0.000000	0.000000	0.000000	0.000000	0.000000	5.440000E-6	0.576299	2.503214E-8	1.219200E-5	0.327194	9.943160E-8
0.000000	0.000000	0.000000	0.000000	0.000000	0.000000	5.444000E-6	0.508522	2.821405E-8	1.774000E-5	0.328460	9.913661E-8
0.000000	0.000000	0.000000	0.000000	0.000000	0.000000	5.440000E-6	0.540841	2.451708E-8	2.477600E-5	0.322506	9.932136E-8
0.000000	0.000000	0.000000	0.000000	0.000000	0.000000	5.440000E-6	0.585730	2.513172E-8	2.697600E-5	0.327624	9.954553E-8
0.000000	0.000000	0.000000	0.000000	0.000000	0.000000	5.428000E-6	0.509806	4.002168E-8	2.085600E-5	0.323509	9.871848E-8
0.000000	0.000000	0.000000	0.000000	0.000000	0.000000	5.440000E-6	0.625188	2.722011E-8	1.207600E-5	0.322609	9.851968E-8
0.000000	0.000000	0.000000	0.000000	0.000000	0.000000	5.448000E-6	0.384042	2.188333E-8	1.626400E-5	0.324166	9.911151E-8
0.000000	0.000000	0.000000	0.000000	0.000000	0.000000	5.436000E-6	0.623779	2.950418E-8	1.520000E-5	0.322300	9.946224E-8
0.000000	0.000000	0.000000	0.000000	0.000000	0.000000	5.440000E-6	0.527192	3.076400E-8	3.988400E-5	0.328847	9.959790E-8
0.000000	0.000000	0.000000	0.000000	0.000000	0.000000	5.440000E-6	0.618926	2.654136E-8	3.774000E-5	0.335142	9.969029E-8
0.000000	0.000000	0.000000	0.000000	0.000000	0.000000	5.444000E-6	0.490330	2.749279E-8	2.317200E-5	0.330433	9.889660E-8
0.000000	0.000000	0.000000	0.000000	0.000000	0.000000	5.436000E-6	0.645764	2.648454E-8	3.988800E-5	0.326573	9.917937E-8
0.000000	0.000000	0.000000	0.000000	0.000000	0.000000	5.440000E-6	0.576621	2.664521E-8	2.910400E-5	0.334095	9.913939E-8
0.000000	0.000000	0.000000	0.000000	0.000000	0.000000	5.440000E-6	0.594791	2.613773E-8	8.912000E-6	0.324916	9.911838E-8
0.000000	0.000000	0.000000	0.000000	0.000000	0.000000	5.444000E-6	0.516857	2.752725E-8	3.780400E-5	0.328782	9.903024E-8
0.000000	0.000000	0.000000	0.000000	0.000000	0.000000	5.432000E-6	0.651904	3.104485E-8	2.232800E-5	0.327084	9.941222E-8
0.000000	0.000000	0.000000	0.000000	0.000000	0.000000	5.440000E-6	0.543055	2.478695E-8	1.467600E-5	0.324130	9.884908E-8
0.000000	0.000000	0.000000	0.000000	0.000000	0.000000	5.440000E-6	0.573611	2.890162E-8	3.872000E-5	0.331751	9.935032E-8
0.000000	0.000000	0.000000	0.000000	0.000000	0.000000	5.440000E-6	0.522592	2.681588E-8	3.124000E-5	0.324620	9.882875E-8
0.000000	0.000000	0.000000	0.000000	0.000000	0.000000	5.436000E-6	0.583250	2.764428E-8	3.569200E-5	0.328821	9.948612E-8
0.000000	0.000000	0.000000	0.000000	0.000000	0.000000	5.448000E-6	0.490890	2.439852E-8	8.660000E-6	0.322085	9.911882E-8
0.000000	0.000000	0.000000	0.000000	0.000000	0.000000	5.432000E-6	0.665394	2.900709E-8	2.028400E-5	0.321315	9.917676E-8
0.000000	0.000000	0.000000	0.000000	0.000000	0.000000	5.432000E-6	0.675283	2.935409E-8	1.205600E-5	0.332878	9.943898E-8
0.000000	0.000000	0.000000	0.000000	0.000000	0.000000	5.432000E-6	0.663097	3.267097E-8	7.060000E-6	0.353574	9.995678E-8
0.000000	0.000000	0.000000	0.000000	0.000000	0.000000	5.432000E-6	0.663552	3.296183E-8	2.717200E-5	0.325198	9.901220E-8
0.000000	0.000000	0.000000	0.000000	0.000000	0.000000	5.436000E-6	0.665728	3.030783E-8	2.997200E-5	0.341052	9.916067E-8
0.000000	0.000000	0.000000	0.000000	0.000000	0.000000	5.440000E-6	0.522844	2.668276E-8	1.877600E-5	0.329623	9.865462E-8
0.000000	0.000000	0.000000	0.000000	0.000000	0.000000	5.360000E-6	0.314844	1.055521E-7	4.536000E-5	0.319852	3.920001E-8
0.000000	0.000000	0.000000	0.000000	0.000000	0.000000	5.432000E-6	0.431056	4.353304E-8	1.777600E-5	0.330546	9.908558E-8
0.000000	0.000000	0.000000	0.000000	0.000000	0.000000	5.360000E-6	0.315864	1.052964E-7	4.536000E-5	0.308905	3.695466E-8
0.000000	0.000000	0.000000	0.000000	0.000000	0.000000	4.724000E-6	0.321029	9.916297E-8	4.472400E-5	0.330964	9.935632E-8
0.000000	0.000000	0.000000	0.000000	0.000000	0.000000	5.432000E-6	0.652034	2.883852E-8	2.390800E-5	0.330102	9.983614E-8
0.000000	0.000000	0.000000	0.000000	0.000000	0.000000	5.440000E-6	0.506151	2.504311E-8	2.602000E-5	0.331116	9.941699E-8
0.000000	0.000000	0.000000	0.000000	0.000000	0.000000	5.436000E-6	0.635700	2.783852E-8	2.180800E-5	0.333283	9.894245E-8
0.000000	0.000000	0.000000	0.000000	0.000000	0.000000	5.428000E-6	0.671293	3.387870E-8	3.478000E-5	0.328257	9.952779E-8
0.000000	0.000000	0.000000	0.000000	0.000000	0.000000	5.440000E-6	0.538779	2.673532E-8	2.800400E-5	0.327882	9.933645E-8
0.000000	0.000000	0.000000	0.000000	0.000000	0.000000	5.444000E-6	0.522971	2.590014E-8	3.273200E-5	0.326235	9.911239E-8
0.000000	0.000000	0.000000	0.000000	0.000000	0.000000	5.436000E-6	0.286195	3.952277E-8	8.856000E-6	0.331784	9.882220E-8
0.000000	0.000000	0.000000	0.000000	0.000000	0.000000	5.432000E-6	0.557770	3.300440E-8	3.091200E-5	0.322697	9.922318E-8
0.000000	0.000000	0.000000	0.000000	0.000000	0.000000	5.436000E-6	0.600471	3.103586E-8	1.183200E-5	0.330902	9.954773E-8
0.000000	0.000000	0.000000	0.000000	0.000000	0.000000	5.436000E-6	0.635240	2.756068E-8	3.724000E-5	0.326890	9.950690E-8
0.000000	0.000000	0.000000	0.000000	0.000000	0.000000	5.440000E-6	0.548318	2.775479E-8	1.226400E-5	0.321926	9.852477E-8
0.000000	0.000000	0.000000	0.000000	0.000000	0.000000	5.436000E-6	0.647288	2.927111E-8	2.533200E-5	0.331704	9.912398E-8
0.000000	0.000000	0.000000	0.000000	0.000000	0.000000	5.436000E-6	0.656626	2.682578E-8	8.120000E-6	0.324987	9.913788E-8
0.000000	0.000000	0.000000	0.000000	0.000000	0.000000	5.440000E-6	0.543302	2.909577E-8	1.946400E-5	0.330072	9.920814E-8
0.000000	0.000000	0.000000	0.000000	0.000000	0.000000	5.444000E-6	0.492190	2.678743E-8	3.221200E-5	0.321764	9.895588E-8
0.000000	0.000000	0.000000	0.000000	0.000000	0.000000	5.440000E-6	0.531024	2.691318E-8	9.944000E-6	0.323414	9.915655E-8
0.000000	0.000000	0.000000	0.000000	0.000000	0.000000	5.440000E-6	0.609084	2.629931E-8	1.462800E-5	0.330877	9.931228E-8
0.000000	0.000000	0.000000	0.000000	0.000000	0.000000	5.444000E-6	0.500573	2.687531E-8	7.392000E-6	0.332930	9.897577E-8
0.000000	0.000000	0.000000	0.000000	0.000000	0.000000	5.440000E-6	0.591530	2.433704E-8	2.769200E-5	0.325228	9.927019E-8
0.000000	0.000000	0.000000	0.000000	0.000000	0.000000	5.436000E-6	0.600839	2.954278E-8	2.458800E-5	0.331399	9.929271E-8
0.000000	0.000000	0.000000	0.000000	0.000000	0.000000	5.444000E-6	0.487075	2.395985E-8	3.019200E-5	0.330999	9.966729E-8
0.000000	0.000000	0.000000	0.000000	0.000000	0.000000	5.444000E-6	0.555989	2.540509E-8	3.883200E-5	0.322499	9.954429E-8
0.000000	0.000000	0.000000	0.000000	0.000000	0.000000	5.440000E-6	0.546850	2.683070E-8	7.008000E-6	0.344765	1.000235E-7
0.000000	0.000000	0.000000	0.000000	0.000000	0.000000	5.428000E-6	0.602892	3.641653E-8	1.997600E-5	0.332262	9.918288E-8
0.000000	0.000000	0.000000	0.000000	0.000000	0.000000	5.440000E-6	0.553609	2.993643E-8	1.449200E-5	0.318518	9.856727E-8
0.000000	0.000000	0.000000	0.000000	0.000000	0.000000	5.440000E-6	0.293187	3.322797E-8	1.764800E-5	0.323863	9.876497E-8
0.000000	0.000000	0.000000	0.000000	0.000000	0.000000	5.440000E-6	0.368710	3.235634E-8	1.625600E-5	0.325483	9.894387E-8
0.000000	0.000000	0.000000	0.000000	0.000000	0.000000	5.448000E-6	0.389979	2.276216E-8	2.782400E-5	0.324198	9.927600E-8
0.000000	0.000000	0.000000	0.000000	0.000000	0.000000	5.432000E-6	0.680565	3.199579E-8	3.269200E-5	0.334271	9.956670E-8
0.000000	0.000000	0.000000	0.000000	0.000000	0.000000	5.440000E-6	0.547200	2.506084E-8	2.434400E-5	0.327425	9.930245E-8
0.000000	0.000000	0.000000	0.000000	0.000000	0.000000	5.440000E-6	0.584483	2.743850E-8	2.299600E-5	0.325418	9.900265E-8
0.000000	0.000000	0.000000	0.000000	0.000000	0.000000	5.440000E-6	0.526590	2.485010E-8	2.850800E-5	0.326978	9.906889E-8
0.000000	0.000000	0.000000	0.000000	0.000000	0.000000	5.436000E-6	0.648249	2.692353E-8	3.702800E-5	0.313913	9.848918E-8
0.000000	0.000000	0.000000	0.000000	0.000000	0.000000	5.436000E-6	0.654465	2.927841E-8	2.033600E-5	0.327722	9.927979E-8
0.000000	0.000000	0.000000	0.000000	0.000000	0.000000	5.436000E-6	0.643520	3.107195E-8	9.136000E-6	0.330340	9.966776E-8
0.000000	0.000000	0.000000	0.000000	0.000000	0.000000	5.440000E-6	0.585533	2.660635E-8	3.257200E-5	0.323129	9.924699E-8
0.000000	0.000000	0.000000	0.000000	0.000000	0.000000	5.444000E-6	0.502097	2.701396E-8	3.209200E-5	0.330769	9.919806E-8
0.000000	0.000000	0.000000	0.000000	0.000000	0.000000	5.440000E-6	0.527909	2.649162E-8	1.411600E-5	0.326493	9.912335E-8
0.000000	0.000000	0.000000	0.000000	0.000000	0.000000	5.440000E-6	0.562510	2.703503E-8	3.338000E-5	0.321779	9.879466E-8
0.000000	0.000000	0.000000	0.000000	0.000000	0.000000	5.432000E-6	0.395375	4.188461E-8	1.060800E-5	0.334341	9.926505E-8
0.000000	0.000000	0.000000	0.000000	0.000000	0.000000	4.580000E-6	0.332999	9.892791E-8	4.458000E-5	0.319757	9.839029E-8
0.000000	0.000000	0.000000	0.000000	0.000000	0.000000	5.440000E-6	0.520722	2.638110E-8	2.175200E-5	0.326173	9.910382E-8
0.000000	0.000000	0.000000	0.000000	0.000000	0.000000	5.436000E-6	0.610371	3.009264E-8	2.017600E-5	0.323390	9.896990E-8
0.000000	0.000000	0.000000	0.000000	0.000000	0.000000	5.436000E-6	0.586577	2.898135E-8	3.352800E-5	0.322466	9.907993E-8
0.000000	0.000000	0.000000	0.000000	0.000000	0.000000	5.444000E-6	0.535872	2.547418E-8	2.934400E-5	0.329120	9.947367E-8
0.000000	0.000000	0.000000	0.000000	0.000000	0.000000	5.436000E-6	0.360662	4.032597E-8	1.796400E-5	0.329709	9.871934E-8
0.000000	0.000000	0.000000	0.000000	0.000000	0.000000	5.424000E-6	0.698893	3.755094E-8	1.611600E-5	0.327442	9.918328E-8
0.000000	0.000000	0.000000	0.000000	0.000000	0.000000	5.360000E-6	0.323583	1.104697E-7	4.536000E-5	0.317242	3.883365E-8
0.000000	0.000000	0.000000	0.000000	0.000000	0.000000	5.440000E-6	0.603129	2.608466E-8	2.831200E-5	0.324590	9.883164E-8
0.000000	0.000000	0.000000	0.000000	0.000000	0.000000	5.440000E-6	0.597346	2.790788E-8	3.684800E-5	0.329111	9.917997E-8
0.000000	0.000000	0.000000	0.000000	0.000000	0.000000	5.436000E-6	0.584585	2.619710E-8	3.802800E-5	0.315293	9.855618E-8
0.000000	0.000000	0.000000	0.000000	0.000000	0.000000	4.988000E-6	0.333675	9.948670E-8	4.498800E-5	0.322538	9.896455E-8
0.000000	0.000000	0.000000	0.000000	0.000000	0.000000	5.440000E-6	0.570946	2.603368E-8	1.024400E-5	0.322650	9.834729E-8
0.000000	0.000000	0.000000	0.000000	0.000000	0.000000	5.440000E-6	0.598080	2.483905E-8	7.760000E-6	0.331217	9.951260E-8
0.000000	0.000000	0.000000	0.000000	0.000000	0.000000	5.440000E-6	0.527168	2.800443E-8	2.174400E-5	0.331331	9.924442E-8
0.000000	0.000000	0.000000	0.000000	0.000000	0.000000	5.440000E-6	0.466294	3.182136E-8	1.555600E-5	0.324804	9.846741E-8
0.000000	0.000000	0.000000	0.000000	0.000000	0.000000	5.440000E-6	0.561560	2.788293E-8	1.161600E-5	0.321816	9.890718E-8
0.000000	0.000000	0.000000	0.000000	0.000000	0.000000	5.448000E-6	0.551629	3.018417E-8	1.002000E-5	0.330549	9.963681E-8
0.000000	0.000000	0.000000	0.000000	0.000000	0.000000	5.444000E-6	0.353535	3.584291E-8	2.896800E-5	0.330902	9.872758E-8
0.000000	0.000000	0.000000	0.000000	0.000000	0.000000	5.436000E-6	0.576984	2.885762E-8	3.316400E-5	0.326960	9.909426E-8
0.000000	0.000000	0.000000	0.000000	0.000000	0.000000	5.436000E-6	0.591053	2.569702E-8	3.817600E-5	0.316589	9.871619E-8
0.000000	0.000000	0.000000	0.000000	0.000000	0.000000	5.440000E-6	0.375180	3.616976E-8	3.168800E-5	0.327525	9.920466E-8
0.000000	0.000000	0.000000	0.000000	0.000000	0.000000	5.440000E-6	0.531147	2.790140E-8	3.778000E-5	0.330422	9.929448E-8
0.000000	0.000000	0.000000	0.000000	0.000000	0.000000	5.444000E-6	0.539569	2.626440E-8	3.246800E-5	0.321602	9.867461E-8
0.000000	0.000000	0.000000	0.000000	0.000000	0.000000	5.440000E-6	0.584744	2.531150E-8	2.062400E-5	0.329525	9.908031E-8
0.000000	0.000000	0.000000	0.000000	0.000000	0.000000	5.432000E-6	0.663098	2.736732E-8	3.303200E-5	0.321800	9.887804E-8
0.000000	0.000000	0.000000	0.000000	0.000000	0.000000	4.672000E-6	0.327424	9.885996E-8	4.467200E-5	0.323100	9.887985E-8
0.000000	0.000000	0.000000	0.000000	0.000000	0.000000	5.436000E-6	0.667237	3.014133E-8	2.440000E-5	0.326366	9.956774E-8
0.000000	0.000000	0.000000	0.000000	0.000000	0.000000	5.436000E-6	0.566909	2.703851E-8	3.216000E-5	0.330946	9.896745E-8
0.000000	0.000000	0.000000	0.000000	0.000000	0.000000	5.420000E-6	0.702511	3.681925E-8	3.024800E-5	0.316145	9.861855E-8
0.000000	0.000000	0.000000	0.000000	0.000000	0.000000	5.440000E-6	0.589595	2.729269E-8	2.758000E-5	0.324341	9.949063E-8
0.000000	0.000000	0.000000	0.000000	0.000000	0.000000	5.440000E-6	0.605604	2.829043E-8	1.141200E-5	0.332399	9.890117E-8
0.000000	0.000000	0.000000	0.000000	0.000000	0.000000	5.436000E-6	0.581834	2.808334E-8	3.550800E-5	0.327484	9.876896E-8
0.000000	0.000000	0.000000	0.000000	0.000000	0.000000	5.440000E-6	0.568698	2.675867E-8	8.024000E-6	0.335281	9.985323E-8
0.000000	0.000000	0.000000	0.000000	0.000000	0.000000	5.436000E-6	0.401055	3.530021E-8	1.768400E-5	0.328986	9.921689E-8
0.000000	0.000000	0.000000	0.000000	0.000000	0.000000	5.444000E-6	0.497539	2.196297E-8	3.285200E-5	0.330548	9.897987E-8
0.000000	0.000000	0.000000	0.000000	0.000000	0.000000	5.436000E-6	0.631003	2.866906E-8	1.207200E-5	0.329929	9.835223E-8
0.000000	0.000000	0.000000	0.000000	0.000000	0.000000	5.440000E-6	0.551138	2.606684E-8	1.021600E-5	0.317353	9.945342E-8
0.000000	0.000000	0.000000	0.000000	0.000000	0.000000	5.444000E-6	0.524252	2.639391E-8	1.619200E-5	0.325383	9.932083E-8
0.000000	0.000000	0.000000	0.000000	0.000000	0.000000	5.436000E-6	0.633021	2.738641E-8	3.507600E-5	0.328457	9.926595E-8
0.000000	0.000000	0.000000	0.000000	0.000000	0.000000	5.440000E-6	0.469401	3.194237E-8	1.062800E-5	0.334671	9.968230E-8
0.000000	0.000000	0.000000	0.000000	0.000000	0.000000	5.420000E-6	0.644615	3.422888E-8	3.629200E-5	0.322742	9.928018E-8
0.000000	0.000000	0.000000	0.000000	0.000000	0.000000	5.440000E-6	0.533165	2.482434E-8	1.394800E-5	0.324518	9.918402E-8
0.000000	0.000000	0.000000	0.000000	0.000000	0.000000	5.436000E-6	0.620460	2.823272E-8	3.492000E-5	0.330950	9.921186E-8
0.000000	0.000000	0.000000	0.000000	0.000000	0.000000	5.432000E-6	0.597001	2.588354E-8	8.800000E-6	0.324738	9.929471E-8
0.000000	0.000000	0.000000	0.000000	0.000000	0.000000	5.444000E-6	0.561179	2.269307E-8	2.458000E-5	0.322352	9.943445E-8
0.000000	0.000000	0.000000	0.000000	0.000000	0.000000	5.436000E-6	0.641868	2.803901E-8	1.428000E-5	0.315167	9.858490E-8
0.000000	0.000000	0.000000	0.000000	0.000000	0.000000	5.440000E-6	0.584476	2.681438E-8	1.166800E-5	0.330987	9.939962E-8
0.000000	0.000000	0.000000	0.000000	0.000000	0.000000	5.444000E-6	0.331356	3.247004E-8	9.508000E-6	0.325516	9.968659E-8
0.000000	0.000000	0.000000	0.000000	0.000000	0.000000	5.444000E-6	0.537138	3.004853E-8	2.595600E-5	0.327840	9.888937E-8
0.000000	0.000000	0.000000	0.000000	0.000000	0.000000	5.440000E-6	0.616783	2.688075E-8	1.826800E-5	0.322571	9.933112E-8
0.000000	0.000000	0.000000	0.000000	0.000000	0.000000	5.436000E-6	0.637091	2.839897E-8	1.483600E-5	0.327379	9.871341E-8
0.000000	0.000000	0.000000	0.000000	0.000000	0.000000	5.444000E-6	0.520064	2.520822E-8	1.219200E-5	0.328326	9.884480E-8
0.000000	0.000000	0.000000	0.000000	0.000000	0.000000	5.444000E-6	0.529141	2.676555E-8	3.481600E-5	0.323071	9.922672E-8
0.000000	0.000000	0.000000	0.000000	0.000000	0.000000	5.440000E-6	0.543730	2.663735E-8	3.520800E-5	0.328268	9.836889E-8
0.000000	0.000000	0.000000	0.000000	0.000000	0.000000	5.436000E-6	0.576580	2.682376E-8	9.252000E-6	0.326762	9.856383E-8
0.000000	0.000000	0.000000	0.000000	0.000000	0.000000	5.440000E-6	0.615477	2.769199E-8	9.752000E-6	0.324649	9.884747E-8
0.000000	0.000000	0.000000	0.000000	0.000000	0.000000	5.440000E-6	0.586956	2.614870E-8	6.544000E-6	0.355331	9.940822E-8
0.000000	0.000000	0.000000	0.000000	0.000000	0.000000	5.440000E-6	0.591134	2.520950E-8	1.312800E-5	0.325609	9.917366E-8
0.000000	0.000000	0.000000	0.000000	0.000000	0.000000	5.436000E-6	0.562484	2.608619E-8	1.102400E-5	0.327637	9.964826E-8
0.000000	0.000000	0.000000	0.000000	0.000000	0.000000	5.440000E-6	0.581825	2.529867E-8	1.191200E-5	0.333553	9.970256E-8
0.000000	0.000000	0.000000	0.000000	0.000000	0.000000	5.436000E-6	0.573391	2.659583E-8	1.139200E-5	0.326197	9.905402E-8
0.000000	0.000000	0.000000	0.000000	0.000000	0.000000	5.440000E-6	0.407976	3.174886E-8	3.367600E-5	0.324653	9.911231E-8
0.000000	0.000000	0.000000	0.000000	0.000000	0.000000	5.376000E-6	0.326707	1.024528E-7	4.537600E-5	0.337979	2.043396E-8
0.000000	0.000000	0.000000	0.000000	0.000000	0.000000	5.440000E-6	0.565116	2.943980E-8	1.670800E-5	0.320409	9.844534E-8
0.000000	0.000000	0.000000	0.000000	0.000000	0.000000	5.436000E-6	0.615203	2.888351E-8	2.631200E-5	0.332472	9.884719E-8
0.000000	0.000000	0.000000	0.000000	0.000000	0.000000	5.440000E-6	0.527634	2.531535E-8	3.094000E-5	0.324338	9.824656E-8
0.000000	0.000000	0.000000	0.000000	0.000000	0.000000	5.436000E-6	0.615052	2.950836E-8	7.264000E-6	0.311447	9.833137E-8
0.000000	0.000000	0.000000	0.000000	0.000000	0.000000	5.444000E-6	0.565543	2.510303E-8	3.304400E-5	0.338871	9.914475E-8
0.000000	0.000000	0.000000	0.000000	0.000000	0.000000	5.436000E-6	0.652815	3.015707E-8	2.815200E-5	0.327529	9.925839E-8
0.000000	0.000000	0.000000	0.000000	0.000000	0.000000	5.432000E-6	0.676763	3.051659E-8	2.215200E-5	0.327263	9.972171E-8
0.000000	0.000000	0.000000	0.000000	0.000000	0.000000	5.428000E-6	0.644934	2.982864E-8	1.568000E-5	0.329488	9.954091E-8
0.000000	0.000000	0.000000	0.000000	0.000000	0.000000	5.444000E-6	0.481199	2.513492E-8	3.976800E-5	0.323924	9.882582E-8
0.000000	0.000000	0.000000	0.000000	0.000000	0.000000	5.440000E-6	0.469627	3.394273E-8	1.980800E-5	0.329272	9.923044E-8
0.000000	0.000000	0.000000	0.000000	0.000000	0.000000	5.444000E-6	0.523465	2.192417E-8	3.127200E-5	0.327786	9.934062E-8
0.000000	0.000000	0.000000	0.000000	0.000000	0.000000	4.700000E-6	0.333208	9.939235E-8	4.470000E-5	0.326920	9.882527E-8
0.000000	0.000000	0.000000	0.000000	0.000000	0.000000	5.432000E-6	0.661832	2.930792E-8	3.176400E-5	0.324634	9.931469E-8
0.000000	0.000000	0.000000	0.000000	0.000000	0.000000	5.440000E-6	0.562018	2.607097E-8	2.774400E-5	0.319579	9.864228E-8
0.000000	0.000000	0.000000	0.000000	0.000000	0.000000	5.436000E-6	0.610597	2.761878E-8	3.108000E-5	0.334366	9.962130E-8
0.000000	0.000000	0.000000	0.000000	0.000000	0.000000	5.444000E-6	0.497318	2.442255E-8	1.036000E-5	0.327150	9.932995E-8
0.000000	0.000000	0.000000	0.000000	0.000000	0.000000	5.440000E-6	0.518656	2.717146E-8	2.674400E-5	0.326620	9.932520E-8
0.000000	0.000000	0.000000	0.000000	0.000000	0.000000	5.444000E-6	0.309275	1.048480E-7	4.544400E-5	-0.001701	1.364120E-8
0.000000	0.000000	0.000000	0.000000	0.000000	0.000000	5.440000E-6	0.555582	2.747068E-8	3.845200E-5	0.332166	9.931210E-8
0.000000	0.000000	0.000000	0.000000	0.000000	0.000000	5.448000E-6	0.489170	2.492362E-8	2.366400E-5	0.319863	9.906446E-8
0.000000	0.000000	0.000000	0.000000	0.000000	0.000000	5.452000E-6	0.382650	2.178041E-8	3.843600E-5	0.328604	9.882986E-8
0.000000	0.000000	0.000000	0.000000	0.000000	0.000000	5.424000E-6	0.667817	3.197132E-8	2.052000E-5	0.330851	9.948792E-8
0.000000	0.000000	0.000000	0.000000	0.000000	0.000000	5.432000E-6	0.661208	3.129474E-8	3.632800E-5	0.333147	9.991170E-8
0.000000	0.000000	0.000000	0.000000	0.000000	0.000000	5.440000E-6	0.589579	2.556963E-8	1.419200E-5	0.328238	9.863352E-8
0.000000	0.000000	0.000000	0.000000	0.000000	0.000000	5.440000E-6	0.536564	2.632629E-8	7.524000E-6	0.334058	9.915905E-8
0.000000	0.000000	0.000000	0.000000	0.000000	0.000000	5.440000E-6	0.538434	2.920509E-8	9.224000E-6	0.327322	9.946116E-8
0.000000	0.000000	0.000000	0.000000	0.000000	0.000000	5.428000E-6	0.685006	3.240724E-8	3.128400E-5	0.327001	9.986064E-8
0.000000	0.000000	0.000000	0.000000	0.000000	0.000000	5.440000E-6	0.557463	2.720247E-8	1.087200E-5	0.329036	9.905824E-8
0.000000	0.000000	0.000000	0.000000	0.000000	0.000000	5.440000E-6	0.547234	2.842802E-8	1.239600E-5	0.327113	9.914770E-8
0.000000	0.000000	0.000000	0.000000	0.000000	0.000000	5.428000E-6	0.691756	3.205979E-8	1.628400E-5	0.332032	9.988402E-8
0.000000	0.000000	0.000000	0.000000	0.000000	0.000000	5.332000E-6	0.669531	1.181478E-7	4.533200E-5	0.314334	6.618112E-8
0.000000	0.000000	0.000000	0.000000	0.000000	0.000000	5.444000E-6	0.502776	2.801585E-8	2.473200E-5	0.323103	9.956554E-8
0.000000	0.000000	0.000000	0.000000	0.000000	0.000000	5.444000E-6	0.540147	2.585977E-8	2.498000E-5	0.319594	9.904517E-8
0.000000	0.000000	0.000000	0.000000	0.000000	0.000000	5.448000E-6	0.504110	2.250835E-8	1.844400E-5	0.330284	9.936571E-8
0.000000	0.000000	0.000000	0.000000	0.000000	0.000000	5.060000E-6	0.323931	9.896587E-8	4.506000E-5	0.321232	9.918275E-8
0.000000	0.000000	0.000000	0.000000	0.000000	0.000000	5.444000E-6	0.564368	2.796648E-8	3.606000E-5	0.323709	9.911532E-8
0.000000	0.000000	0.000000	0.000000	0.000000	0.000000	5.440000E-6	0.523333	2.630036E-8	2.732000E-5	0.322058	9.855251E-8
0.000000	0.000000	0.000000	0.000000	0.000000	0.000000	5.440000E-6	0.514218	2.613353E-8	2.084800E-5	0.334323	9.912613E-8
0.000000	0.000000	0.000000	0.000000	0.000000	0.000000	5.448000E-6	0.474582	2.457645E-8	1.158800E-5	0.327812	9.895034E-8
0.000000	0.000000	0.000000	0.000000	0.000000	0.000000	5.440000E-6	0.537167	2.460671E-8	2.586800E-5	0.325696	9.887655E-8
0.000000	0.000000	0.000000	0.000000	0.000000	0.000000	5.428000E-6	0.694954	3.510019E-8	3.474000E-5	0.327125	9.938852E-8
0.000000	0.000000	0.000000	0.000000	0.000000	0.000000	5.436000E-6	0.289767	3.819985E-8	2.620800E-5	0.329118	9.947136E-8
0.000000	0.000000	0.000000	0.000000	0.000000	0.000000	5.444000E-6	0.520098	2.697363E-8	2.252000E-5	0.329007	9.949635E-8
0.000000	0.000000	0.000000	0.000000	0.000000	0.000000	5.436000E-6	0.674002	2.899159E-8	2.284800E-5	0.334103	9.906469E-8
0.000000	0.000000	0.000000	0.000000	0.000000	0.000000	5.432000E-6	0.633906	3.013047E-8	2.931600E-5	0.324548	9.936142E-8
0.000000	0.000000	0.000000	0.000000	0.000000	0.000000	5.444000E-6	0.490128	2.561676E-8	2.206400E-5	0.321790	9.899392E-8
0.000000	0.000000	0.000000	0.000000	0.000000	0.000000	5.444000E-6	0.496478	2.522619E-8	2.183600E-5	0.327075	9.932218E-8
0.000000	0.000000	0.000000	0.000000	0.000000	0.000000	5.444000E-6	0.515990	2.592491E-8	1.080800E-5	0.336422	9.929615E-8
0.000000	0.000000	0.000000	0.000000	0.000000	0.000000	5.436000E-6	0.663728	3.167579E-8	1.266000E-5	0.324371	9.936925E-8
0.000000	0.000000	0.000000	0.000000	0.000000	0.000000	5.440000E-6	0.524912	2.674834E-8	1.808400E-5	0.334232	9.959713E-8
0.000000	0.000000	0.000000	0.000000	0.000000	0.000000	5.444000E-6	0.468558	2.208856E-8	3.920800E-5	0.323008	9.918594E-8
0.000000	0.000000	0.000000	0.000000	0.000000	0.000000	5.432000E-6	0.689103	3.185743E-8	3.454000E-5	0.327322	9.929890E-8
0.000000	0.000000	0.000000	0.000000	0.000000	0.000000	5.444000E-6	0.511531	2.895914E-8	1.591600E-5	0.327745	9.950648E-8
0.000000	0.000000	0.000000	0.000000	0.000000	0.000000	5.432000E-6	0.684522	3.224813E-8	1.246400E-5	0.328600	9.987020E-8
0.000000	0.000000	0.000000	0.000000	0.000000	0.000000	5.432000E-6	0.667578	3.068594E-8	3.338400E-5	0.332597	9.918249E-8
0.000000	0.000000	0.000000	0.000000	0.000000	0.000000	5.436000E-6	0.608806	2.682962E-8	3.131600E-5	0.328676	9.888286E-8
0.000000	0.000000	0.000000	0.000000	0.000000	0.000000	5.432000E-6	0.680210	2.977274E-8	2.638400E-5	0.343075	9.897329E-8
0.000000	0.000000	0.000000	0.000000	0.000000	0.000000	5.388000E-6	0.631977	8.006863E-8	4.538800E-5	0.326375	1.118537E-8
0.000000	0.000000	0.000000	0.000000	0.000000	0.000000	5.432000E-6	0.390324	4.087980E-8	3.021200E-5	0.333496	9.937968E-8
0.000000	0.000000	0.000000	0.000000	0.000000	0.000000	5.436000E-6	0.595746	2.550049E-8	1.173600E-5	0.332480	9.929325E-8
0.000000	0.000000	0.000000	0.000000	0.000000	0.000000	5.440000E-6	0.520457	2.432428E-8	2.860400E-5	0.333105	9.933660E-8
0.000000	0.000000	0.000000	0.000000	0.000000	0.000000	5.440000E-6	0.607593	2.813211E-8	2.664800E-5	0.332483	9.868402E-8
0.000000	0.000000	0.000000	0.000000	0.000000	0.000000	5.436000E-6	0.648743	2.960966E-8	3.545600E-5	0.321179	9.814868E-8
0.000000	0.000000	0.000000	0.000000	0.000000	0.000000	5.440000E-6	0.533979	2.711719E-8	1.965200E-5	0.331098	9.939720E-8
0.000000	0.000000	0.000000	0.000000	0.000000	0.000000	5.444000E-6	0.484701	2.184303E-8	1.898800E-5	0.325889	9.885190E-8
0.000000	0.000000	0.000000	0.000000	0.000000	0.000000	5.432000E-6	0.674421	3.077990E-8	1.433200E-5	0.325554	9.926836E-8
0.000000	0.000000	0.000000	0.000000	0.000000	0.000000	5.436000E-6	0.549022	2.608026E-8	1.701600E-5	0.323830	9.972054E-8
0.000000	0.000000	0.000000	0.000000	0.000000	0.000000	5.436000E-6	0.629726	2.808426E-8	3.431600E-5	0.327473	9.909651E-8
0.000000	0.000000	0.000000	0.000000	0.000000	0.000000	5.440000E-6	0.576642	2.505695E-8	2.054800E-5	0.329398	9.892484E-8
0.000000	0.000000	0.000000	0.000000	0.000000	0.000000	5.416000E-6	0.689726	4.512078E-8	3.631600E-5	0.322157	9.893376E-8
0.000000	0.000000	0.000000	0.000000	0.000000	0.000000	5.440000E-6	0.588437	2.581088E-8	1.189600E-5	0.325104	9.931338E-8
0.000000	0.000000	0.000000	0.000000	0.000000	0.000000	5.444000E-6	0.376220	2.901158E-8	2.971600E-5	0.325473	9.850715E-8
0.000000	0.000000	0.000000	0.000000	0.000000	0.000000	5.440000E-6	0.582734	2.778126E-8	1.488000E-5	0.320298	9.865497E-8
0.000000	0.000000	0.000000	0.000000	0.000000	0.000000	5.440000E-6	0.557315	2.631830E-8	3.930800E-5	0.323892	9.901956E-8
0.000000	0.000000	0.000000	0.000000	0.000000	0.000000	5.440000E-6	0.438355	3.301967E-8	9.000000E-6	0.330407	9.925854E-8
0.000000	0.000000	0.000000	0.000000	0.000000	0.000000	5.436000E-6	0.579246	3.099728E-8	3.968800E-5	0.324903	9.931591E-8
0.000000	0.000000	0.000000	0.000000	0.000000	0.000000	5.440000E-6	0.588555	2.570722E-8	2.927600E-5	0.329890	9.886089E-8
0.000000	0.000000	0.000000	0.000000	0.000000	0.000000	5.440000E-6	0.536839	2.772223E-8	3.754000E-5	0.332882	9.981161E-8
0.000000	0.000000	0.000000	0.000000	0.000000	0.000000	5.444000E-6	0.540103	2.600716E-8	2.462000E-5	0.325959	9.844459E-8
0.000000	0.000000	0.000000	0.000000	0.000000	0.000000	5.420000E-6	0.332008	9.828376E-8	4.542000E-5	-0.019365	5.105242E-9
0.000000	0.000000	0.000000	0.000000	0.000000	0.000000	5.444000E-6	0.520291	2.229982E-8	1.674400E-5	0.327198	9.889633E-8
0.000000	0.000000	0.000000	0.000000	0.000000	0.000000	5.436000E-6	0.657073	2.833686E-8	1.898400E-5	0.324320	9.877352E-8
0.000000	0.000000	0.000000	0.000000	0.000000	0.000000	5.444000E-6	0.533516	2.533211E-8	3.380800E-5	0.335212	9.905230E-8
0.000000	0.000000	0.000000	0.000000	0.000000	0.000000	5.444000E-6	0.541230	2.691608E-8	3.416800E-5	0.331370	9.906449E-8
0.000000	0.000000	0.000000	0.000000	0.000000	0.000000	5.440000E-6	0.546823	2.596780E-8	6.640000E-6	0.313463	9.949181E-8
0.000000	0.000000	0.000000	0.000000	0.000000	0.000000	5.440000E-6	0.541668	2.855116E-8	1.027600E-5	0.326988	9.873878E-8
0.000000	0.000000	0.000000	0.000000	0.000000	0.000000	5.432000E-6	0.676008	3.220209E-8	3.092800E-5	0.324145	9.880509E-8
0.000000	0.000000	0.000000	0.000000	0.000000	0.000000	5.436000E-6	0.563564	3.549852E-8	7.268000E-6	0.315402	9.877701E-8
0.000000	0.000000	0.000000	0.000000	0.000000	0.000000	5.436000E-6	0.594542	2.649315E-8	2.594800E-5	0.325815	9.956668E-8
0.000000	0.000000	0.000000	0.000000	0.000000	0.000000	5.440000E-6	0.566619	2.852429E-8	1.791600E-5	0.319674	9.914875E-8
0.000000	0.000000	0.000000	0.000000	0.000000	0.000000	5.436000E-6	0.659415	2.894884E-8	3.348800E-5	0.322305	9.922674E-8
0.000000	0.000000	0.000000	0.000000	0.000000	0.000000	5.440000E-6	0.523370	2.733569E-8	3.355600E-5	0.326395	9.940471E-8
0.000000	0.000000	0.000000	0.000000	0.000000	0.000000	5.444000E-6	0.514402	2.753254E-8	3.010000E-5	0.329690	9.883905E-8
0.000000	0.000000	0.000000	0.000000	0.000000	0.000000	5.436000E-6	0.647891	2.925155E-8	3.216800E-5	0.323535	9.908346E-8
0.000000	0.000000	0.000000	0.000000	0.000000	0.000000	5.428000E-6	0.688376	3.521168E-8	2.762800E-5	0.325626	9.918759E-8
0.000000	0.000000	0.000000	0.000000	0.000000	0.000000	5.432000E-6	0.675446	2.961770E-8	3.619200E-5	0.329186	9.911535E-8
0.000000	0.000000	0.000000	0.000000	0.000000	0.000000	5.436000E-6	0.620002	2.708685E-8	1.856800E-5	0.329200	9.937857E-8
0.000000	0.000000	0.000000	0.000000	0.000000	0.000000	5.444000E-6	0.521540	2.496858E-8	1.528000E-5	0.327798	9.964618E-8
0.000000	0.000000	0.000000	0.000000	0.000000	0.000000	5.436000E-6	0.593125	2.565703E-8	2.684400E-5	0.323317	9.914419E-8
0.000000	0.000000	0.000000	0.000000	0.000000	0.000000	5.432000E-6	0.693112	3.148460E-8	3.759600E-5	0.328657	9.957033E-8
0.000000	0.000000	0.000000	0.000000	0.000000	0.000000	5.440000E-6	0.520332	2.622371E-8	3.802400E-5	0.330141	9.942204E-8
0.000000	0.000000	0.000000	0.000000	0.000000	0.000000	5.440000E-6	0.540902	2.494623E-8	1.700800E-5	0.331136	9.889099E-8
0.000000	0.000000	0.000000	0.000000	0.000000	0.000000	5.444000E-6	0.503298	2.673067E-8	1.028000E-5	0.331240	9.928258E-8
0.000000	0.000000	0.000000	0.000000	0.000000	0.000000	5.432000E-6	0.424179	4.386058E-8	1.395200E-5	0.327259	9.889166E-8
0.000000	0.000000	0.000000	0.000000	0.000000	0.000000	5.440000E-6	0.539807	2.667511E-8	1.179200E-5	0.333551	9.935867E-8
0.000000	0.000000	0.000000	0.000000	0.000000	0.000000	5.436000E-6	0.591112	2.699821E-8	9.756000E-6	0.319358	9.820434E-8
0.000000	0.000000	0.000000	0.000000	0.000000	0.000000	5.436000E-6	0.462389	3.040798E-8	2.233600E-5	0.323396	9.873622E-8
0.000000	0.000000	0.000000	0.000000	0.000000	0.000000	5.440000E-6	0.532533	2.872682E-8	3.854400E-5	0.324837	9.951052E-8
0.000000	0.000000	0.000000	0.000000	0.000000	0.000000	5.428000E-6	0.687155	3.156074E-8	1.435600E-5	0.321062	9.861513E-8
0.000000	0.000000	0.000000	0.000000	0.000000	0.000000	5.436000E-6	0.629620	2.859430E-8	6.576000E-6	0.333986	9.926501E-8
0.000000	0.000000	0.000000	0.000000	0.000000	0.000000	5.440000E-6	0.572946	2.690721E-8	3.776800E-5	0.322367	9.868956E-8
0.000000	0.000000	0.000000	0.000000	0.000000	0.000000	5.440000E-6	0.514259	2.641350E-8	2.759200E-5	0.320700	9.909181E-8
0.000000	0.000000	0.000000	0.000000	0.000000	0.000000	5.440000E-6	0.556805	2.804018E-8	6.568000E-6	0.337837	9.833772E-8
0.000000	0.000000	0.000000	0.000000	0.000000	0.000000	5.440000E-6	0.521716	2.441945E-8	3.240800E-5	0.328498	9.974590E-8
0.000000	0.000000	0.000000	0.000000	0.000000	0.000000	5.444000E-6	0.313032	1.028497E-7	4.544400E-5	-0.002827	1.431837E-8
0.000000	0.000000	0.000000	0.000000	0.000000	0.000000	5.448000E-6	0.430607	2.268347E-8	2.950800E-5	0.329452	9.899810E-8
0.000000	0.000000	0.000000	0.000000	0.000000	0.000000	5.440000E-6	0.519013	2.851833E-8	7.348000E-6	0.331639	9.962643E-8
0.000000	0.000000	0.000000	0.000000	0.000000	0.000000	5.440000E-6	0.554658	2.751389E-8	1.386800E-5	0.324555	9.873380E-8
0.000000	0.000000	0.000000	0.000000	0.000000	0.000000	5.440000E-6	0.552626	2.632554E-8	3.966000E-5	0.324827	9.987468E-8
0.000000	0.000000	0.000000	0.000000	0.000000	0.000000	5.436000E-6	0.611337	2.866537E-8	3.868400E-5	0.332080	9.941138E-8
0.000000	0.000000	0.000000	0.000000	0.000000	0.000000	5.436000E-6	0.609790	2.887816E-8	2.829200E-5	0.329118	9.982859E-8
0.000000	0.000000	0.000000	0.000000	0.000000	0.000000	5.444000E-6	0.592513	2.624077E-8	3.271200E-5	0.332981	9.957723E-8
0.000000	0.000000	0.000000	0.000000	0.000000	0.000000	5.436000E-6	0.608468	2.824495E-8	3.697600E-5	0.331018	9.941116E-8
0.000000	0.000000	0.000000	0.000000	0.000000	0.000000	5.436000E-6	0.624815	2.777375E-8	3.385200E-5	0.326184	9.916167E-8
0.000000	0.000000	0.000000	0.000000	0.000000	0.000000	5.436000E-6	0.660359	2.839258E-8	3.941600E-5	0.324160	9.935002E-8
0.000000	0.000000	0.000000	0.000000	0.000000	0.000000	5.436000E-6	0.633445	2.589952E-8	8.600000E-6	0.312818	9.843632E-8
0.000000	0.000000	0.000000	0.000000	0.000000	0.000000	5.420000E-6	0.618088	8.235156E-8	4.542000E-5	-0.014998	0.000000
0.000000	0.000000	0.000000	0.000000	0.000000	0.000000	5.376000E-6	0.317545	1.000361E-7	4.537600E-5	0.338370	2.099097E-8
0.000000	0.000000	0.000000	0.000000	0.000000	0.000000	5.436000E-6	0.615786	2.670865E-8	3.684000E-5	0.326657	9.906677E-8
0.000000	0.000000	0.000000	0.000000	0.000000	0.000000	5.368000E-6	0.673318	8.463227E-8	4.536800E-5	0.322317	3.038750E-8
0.000000	0.000000	0.000000	0.000000	0.000000	0.000000	4.568000E-6	0.330896	9.975833E-8	4.456800E-5	0.317702	9.935319E-8
0.000000	0.000000	0.000000	0.000000	0.000000	0.000000	5.436000E-6	0.599779	2.747885E-8	3.797200E-5	0.326475	9.940475E-8
0.000000	0.000000	0.000000	0.000000	0.000000	0.000000	5.440000E-6	0.499707	2.786960E-8	9.748000E-6	0.331568	9.924517E-8
0.000000	0.000000	0.000000	0.000000	0.000000	0.000000	5.432000E-6	0.317342	9.914497E-8	4.543200E-5	0.004838	8.113554E-9
0.000000	0.000000	0.000000	0.000000	0.000000	0.000000	5.428000E-6	0.692858	3.868512E-8	3.848000E-5	0.335071	9.936244E-8
0.000000	0.000000	0.000000	0.000000	0.000000	0.000000	5.440000E-6	0.594905	2.869684E-8	2.406800E-5	0.333018	9.959540E-8
0.000000	0.000000	0.000000	0.000000	0.000000	0.000000	5.436000E-6	0.605375	2.613000E-8	7.440000E-6	0.338173	9.907177E-8
0.000000	0.000000	0.000000	0.000000	0.000000	0.000000	5.440000E-6	0.585326	2.658698E-8	1.272400E-5	0.315175	9.880162E-8
0.000000	0.000000	0.000000	0.000000	0.000000	0.000000	5.428000E-6	0.687182	3.267195E-8	3.172400E-5	0.326091	9.881036E-8
0.000000	0.000000	0.000000	0.000000	0.000000	0.000000	5.432000E-6	0.691613	3.216565E-8	3.689200E-5	0.332659	9.929251E-8
0.000000	0.000000	0.000000	0.000000	0.000000	0.000000	5.440000E-6	0.557780	2.672732E-8	1.834400E-5	0.316489	9.832323E-8
0.000000	0.000000	0.000000	0.000000	0.000000	0.000000	5.436000E-6	0.657054	2.497722E-8	3.478800E-5	0.330436	9.975088E-8
0.000000	0.000000	0.000000	0.000000	0.000000	0.000000	5.428000E-6	0.694247	3.118713E-8	1.401200E-5	0.321594	9.940923E-8
0.000000	0.000000	0.000000	0.000000	0.000000	0.000000	5.440000E-6	0.490728	2.705357E-8	3.651200E-5	0.322529	9.858026E-8
0.000000	0.000000	0.000000	0.000000	0.000000	0.000000	5.444000E-6	0.533786	2.649867E-8	2.419200E-5	0.323938	9.825058E-8
0.000000	0.000000	0.000000	0.000000	0.000000	0.000000	5.440000E-6	0.558058	2.636787E-8	6.984000E-6	0.349607	9.979626E-8
0.000000	0.000000	0.000000	0.000000	0.000000	0.000000	5.444000E-6	0.488030	2.620782E-8	1.286000E-5	0.325822	9.873406E-8
0.000000	0.000000	0.000000	0.000000	0.000000	0.000000	5.436000E-6	0.645421	2.876200E-8	3.652000E-5	0.330878	9.944324E-8
0.000000	0.000000	0.000000	0.000000	0.000000	0.000000	5.440000E-6	0.571685	2.584844E-8	2.578000E-5	0.323754	9.894044E-8
0.000000	0.000000	0.000000	0.000000	0.000000	0.000000	5.432000E-6	0.677565	2.967240E-8	9.396000E-6	0.326692	9.894122E-8
0.000000	0.000000	0.000000	0.000000	0.000000	0.000000	5.440000E-6	0.582559	2.752556E-8	2.558400E-5	0.327381	9.931206E-8
0.000000	0.000000	0.000000	0.000000	0.000000	0.000000	5.440000E-6	0.560076	2.697870E-8	3.682000E-5	0.322636	9.927666E-8
0.000000	0.000000	0.000000	0.000000	0.000000	0.000000	5.432000E-6	0.666825	3.100763E-8	2.514800E-5	0.324787	9.892563E-8
0.000000	0.000000	0.000000	0.000000	0.000000	0.000000	5.428000E-6	0.695587	3.868401E-8	2.228400E-5	0.324434	9.916503E-8
0.000000	0.000000	0.000000	0.000000	0.000000	0.000000	5.440000E-6	0.592253	2.690160E-8	1.430400E-5	0.316949	9.899070E-8
0.000000	0.000000	0.000000	0.000000	0.000000	0.000000	5.440000E-6	0.594645	2.715020E-8	1.864000E-5	0.331250	9.884645E-8
0.000000	0.000000	0.000000	0.000000	0.000000	0.000000	5.436000E-6	0.622362	2.834803E-8	3.840400E-5	0.329567	9.935215E-8
0.000000	0.000000	0.000000	0.000000	0.000000	0.000000	5.440000E-6	0.579817	2.654159E-8	7.688000E-6	0.329747	9.910675E-8
0.000000	0.000000	0.000000	0.000000	0.000000	0.000000	5.448000E-6	0.428394	2.250229E-8	8.624000E-6	0.328964	9.875608E-8
0.000000	0.000000	0.000000	0.000000	0.000000	0.000000	5.440000E-6	0.605019	2.767632E-8	2.146000E-5	0.322215	9.931720E-8
0.000000	0.000000	0.000000	0.000000	0.000000	0.000000	5.440000E-6	0.540495	2.780140E-8	2.839600E-5	0.327029	9.861313E-8
0.000000	0.000000	0.000000	0.000000	0.000000	0.000000	4.548000E-6	0.326284	9.870273E-8	4.454800E-5	0.329059	9.894425E-8
0.000000	0.000000	0.000000	0.000000	0.000000	0.000000	5.440000E-6	0.559267	2.372628E-8	2.988800E-5	0.330415	9.949385E-8
0.000000	0.000000	0.000000	0.000000	0.000000	0.000000	5.432000E-6	0.642586	2.797837E-8	1.028400E-5	0.324381	9.886400E-8
0.000000	0.000000	0.000000	0.000000	0.000000	0.000000	5.440000E-6	0.580692	2.795198E-8	3.759200E-5	0.326136	9.944690E-8
0.000000	0.000000	0.000000	0.000000	0.000000	0.000000	5.428000E-6	0.701822	3.262957E-8	2.891200E-5	0.324403	9.947743E-8
0.000000	0.000000	0.000000	0.000000	0.000000	0.000000	5.440000E-6	0.564627	3.078446E-8	2.934400E-5	0.325347	9.914529E-8
0.000000	0.000000	0.000000	0.000000	0.000000	0.000000	5.440000E-6	0.552232	2.599202E-8	3.900000E-5	0.313915	9.844144E-8
0.000000	0.000000	0.000000	0.000000	0.000000	0.000000	5.436000E-6	0.384836	3.618064E-8	3.244800E-5	0.325081	9.907324E-8
0.000000	0.000000	0.000000	0.000000	0.000000	0.000000	5.440000E-6	0.627681	2.333594E-8	1.842400E-5	0.319325	9.926036E-8
0.000000	0.000000	0.000000	0.000000	0.000000	0.000000	5.440000E-6	0.562688	2.932863E-8	2.030800E-5	0.333355	9.944585E-8
