Trigger Count=6509	Output Count=461	Elapsed Time=01:59.454	Number of Pulses CH0=1	Number of Pulses CH1=1
rate (Hz)=2.50E+8	Min record length=28	Trigger level (V)=0.1000	Channel 0 threshold (V)=0.1000	Channel 1 threshold (V)=0.0300	Range (microseconds)=0.1000	Pulse 2 delay (microseconds)=0.0000	Lower cut-off frequency (Hz)=3.00E+7
                             	                             
Ch0_time1 (s)	Ch0_amp1 (V)	Ch0_width1 (s)	Ch0_time2 (s)	Ch0_amp2 (V)	Ch0_width2 (s)	Ch1_time1 (s)	Ch1_amp1 (V)	Ch1_width1 (s)	Ch1_time2 (s)	Ch1_amp2 (V)	Ch1_width2 (s)
1.600000E-8	0.075213	1.877398E-8	0.000000	0.000000	0.000000	3.600000E-8	0.037448	1.909321E-8	0.000000	0.000000	0.000000
1.600000E-8	0.179524	2.113593E-8	0.000000	0.000000	0.000000	4.000000E-8	0.112389	1.195324E-8	0.000000	0.000000	0.000000
1.600000E-8	0.095554	2.179115E-8	0.000000	0.000000	0.000000	3.200000E-8	0.090979	1.846682E-8	0.000000	0.000000	0.000000
1.200000E-8	0.188125	2.120482E-8	0.000000	0.000000	0.000000	4.000000E-8	0.037399	1.452613E-8	0.000000	0.000000	0.000000
1.600000E-8	0.442295	2.243507E-8	0.000000	0.000000	0.000000	5.600000E-8	0.022425	9.213920E-9	0.000000	0.000000	0.000000
1.200000E-8	0.116129	2.228444E-8	0.000000	0.000000	0.000000	2.800000E-8	0.136465	2.287385E-8	0.000000	0.000000	0.000000
1.200000E-8	0.093286	2.907839E-8	0.000000	0.000000	0.000000	4.800000E-8	0.026654	1.256906E-8	0.000000	0.000000	0.000000
1.600000E-8	0.137126	2.225287E-8	0.000000	0.000000	0.000000	3.200000E-8	0.125127	1.727596E-8	0.000000	0.000000	0.000000
1.200000E-8	0.083089	1.941720E-8	0.000000	0.000000	0.000000	3.600000E-8	0.038609	2.003870E-8	0.000000	0.000000	0.000000
1.200000E-8	0.087150	2.611280E-8	0.000000	0.000000	0.000000	4.400000E-8	0.049559	1.252372E-8	0.000000	0.000000	0.000000
1.600000E-8	0.080322	2.365239E-8	0.000000	0.000000	0.000000	4.000000E-8	0.052006	1.676739E-8	0.000000	0.000000	0.000000
1.600000E-8	0.131590	2.222969E-8	0.000000	0.000000	0.000000	3.600000E-8	0.061887	1.612775E-8	0.000000	0.000000	0.000000
1.200000E-8	0.133343	2.173222E-8	0.000000	0.000000	0.000000	4.000000E-8	0.045238	1.605458E-8	0.000000	0.000000	0.000000
1.600000E-8	0.115363	2.240791E-8	0.000000	0.000000	0.000000	4.400000E-8	0.025631	1.484348E-8	0.000000	0.000000	0.000000
1.600000E-8	0.209097	2.324105E-8	0.000000	0.000000	0.000000	4.800000E-8	0.073408	5.880753E-9	0.000000	0.000000	0.000000
1.200000E-8	0.402788	2.415739E-8	0.000000	0.000000	0.000000	4.400000E-8	0.141770	7.265872E-9	0.000000	0.000000	0.000000
1.200000E-8	0.106767	2.262658E-8	0.000000	0.000000	0.000000	3.600000E-8	0.052059	1.788735E-8	0.000000	0.000000	0.000000
1.200000E-8	0.285146	2.265556E-8	0.000000	0.000000	0.000000	4.400000E-8	0.083589	7.384368E-9	0.000000	0.000000	0.000000
2.000000E-8	0.094450	2.333222E-8	0.000000	0.000000	0.000000	4.800000E-8	0.026710	1.325832E-8	0.000000	0.000000	0.000000
1.600000E-8	0.153087	2.095138E-8	0.000000	0.000000	0.000000	4.000000E-8	0.003726	1.221113E-8	0.000000	0.000000	0.000000
1.600000E-8	0.111992	2.212983E-8	0.000000	0.000000	0.000000	4.000000E-8	0.025815	2.111997E-8	0.000000	0.000000	0.000000
1.200000E-8	0.099541	2.121486E-8	0.000000	0.000000	0.000000	3.600000E-8	0.048923	1.728405E-8	0.000000	0.000000	0.000000
1.600000E-8	0.129456	2.039826E-8	0.000000	0.000000	0.000000	4.400000E-8	0.034240	1.459134E-8	0.000000	0.000000	0.000000
1.200000E-8	0.276404	2.199237E-8	0.000000	0.000000	0.000000	4.000000E-8	0.097494	1.021256E-8	0.000000	0.000000	0.000000
1.600000E-8	0.143476	2.178531E-8	0.000000	0.000000	0.000000	3.600000E-8	0.060420	1.684721E-8	0.000000	0.000000	0.000000
1.200000E-8	0.142908	1.985608E-8	0.000000	0.000000	0.000000	4.000000E-8	0.110085	1.200732E-8	0.000000	0.000000	0.000000
1.200000E-8	0.071864	2.019249E-8	0.000000	0.000000	0.000000	3.200000E-8	0.109727	1.942189E-8	0.000000	0.000000	0.000000
1.200000E-8	0.311271	2.489754E-8	0.000000	0.000000	0.000000	4.800000E-8	0.035255	8.042198E-9	0.000000	0.000000	0.000000
2.000000E-8	0.226610	2.669593E-8	0.000000	0.000000	0.000000	5.600000E-8	0.021060	0.000000	0.000000	0.000000	0.000000
1.200000E-8	0.180667	2.250218E-8	0.000000	0.000000	0.000000	4.800000E-8	0.033920	1.432992E-8	0.000000	0.000000	0.000000
1.200000E-8	0.093978	2.067230E-8	0.000000	0.000000	0.000000	3.200000E-8	0.097803	1.895427E-8	0.000000	0.000000	0.000000
1.200000E-8	0.183075	2.053622E-8	0.000000	0.000000	0.000000	4.400000E-8	0.028946	1.331973E-8	0.000000	0.000000	0.000000
1.200000E-8	0.190914	2.601957E-8	0.000000	0.000000	0.000000	4.400000E-8	0.071908	8.841018E-9	0.000000	0.000000	0.000000
1.200000E-8	0.094232	2.255932E-8	0.000000	0.000000	0.000000	4.000000E-8	0.041518	1.423157E-8	0.000000	0.000000	0.000000
1.200000E-8	0.075561	2.388509E-8	0.000000	0.000000	0.000000	3.600000E-8	0.035968	2.179326E-8	0.000000	0.000000	0.000000
2.400000E-8	0.084684	2.314582E-8	0.000000	0.000000	0.000000	3.200000E-8	0.060271	1.965603E-8	0.000000	0.000000	0.000000
1.200000E-8	0.210105	2.850911E-8	0.000000	0.000000	0.000000	3.200000E-8	-0.400650	2.587956E-8	0.000000	0.000000	0.000000
1.600000E-8	0.249981	2.467075E-8	0.000000	0.000000	0.000000	4.000000E-8	0.112422	1.065360E-8	0.000000	0.000000	0.000000
1.200000E-8	0.315620	2.279379E-8	0.000000	0.000000	0.000000	4.000000E-8	0.080347	1.145899E-8	0.000000	0.000000	0.000000
1.200000E-8	0.384913	2.245454E-8	0.000000	0.000000	0.000000	4.400000E-8	0.105033	9.146087E-9	0.000000	0.000000	0.000000
1.200000E-8	0.096621	2.529173E-8	0.000000	0.000000	0.000000	3.200000E-8	0.041058	2.198429E-8	0.000000	0.000000	0.000000
1.600000E-8	0.155955	2.270352E-8	0.000000	0.000000	0.000000	4.800000E-8	0.024645	1.215286E-8	0.000000	0.000000	0.000000
1.600000E-8	0.103228	2.465903E-8	0.000000	0.000000	0.000000	4.400000E-8	0.024017	1.625732E-8	0.000000	0.000000	0.000000
1.200000E-8	0.258591	2.275584E-8	0.000000	0.000000	0.000000	3.600000E-8	0.135087	1.368987E-8	0.000000	0.000000	0.000000
1.200000E-8	0.089847	2.223965E-8	0.000000	0.000000	0.000000	4.400000E-8	0.028118	2.000024E-8	0.000000	0.000000	0.000000
1.200000E-8	0.459374	2.217430E-8	0.000000	0.000000	0.000000	4.400000E-8	0.052459	8.776673E-9	0.000000	0.000000	0.000000
1.200000E-8	0.087311	2.118479E-8	0.000000	0.000000	0.000000	3.600000E-8	0.086310	1.580628E-8	0.000000	0.000000	0.000000
1.200000E-8	0.114074	2.046133E-8	0.000000	0.000000	0.000000	3.600000E-8	0.039006	1.881675E-8	0.000000	0.000000	0.000000
1.200000E-8	0.085008	2.869800E-8	0.000000	0.000000	0.000000	4.000000E-8	0.033568	1.719130E-8	0.000000	0.000000	0.000000
1.200000E-8	0.386443	2.486462E-8	0.000000	0.000000	0.000000	6.000000E-8	-0.027990	4.948358E-8	0.000000	0.000000	0.000000
1.600000E-8	0.359852	2.210682E-8	0.000000	0.000000	0.000000	4.400000E-8	0.140400	7.675549E-9	0.000000	0.000000	0.000000
1.200000E-8	0.104772	2.539519E-8	0.000000	0.000000	0.000000	4.000000E-8	0.020685	2.088282E-8	0.000000	0.000000	0.000000
1.600000E-8	0.386052	2.400370E-8	0.000000	0.000000	0.000000	4.800000E-8	0.003811	1.108451E-8	0.000000	0.000000	0.000000
1.600000E-8	0.215802	2.317216E-8	0.000000	0.000000	0.000000	4.400000E-8	0.104091	8.529243E-9	0.000000	0.000000	0.000000
1.200000E-8	0.241866	2.117973E-8	0.000000	0.000000	0.000000	3.600000E-8	0.147823	1.334889E-8	0.000000	0.000000	0.000000
1.600000E-8	0.149503	2.127344E-8	0.000000	0.000000	0.000000	4.400000E-8	0.034556	1.339399E-8	0.000000	0.000000	0.000000
1.600000E-8	0.112585	2.070079E-8	0.000000	0.000000	0.000000	4.400000E-8	0.035879	1.256635E-8	0.000000	0.000000	0.000000
1.600000E-8	0.077639	2.105409E-8	0.000000	0.000000	0.000000	3.600000E-8	0.057475	1.708421E-8	0.000000	0.000000	0.000000
1.600000E-8	0.279354	2.136680E-8	0.000000	0.000000	0.000000	4.400000E-8	0.044814	8.941635E-9	0.000000	0.000000	0.000000
1.600000E-8	0.392696	2.342159E-8	0.000000	0.000000	0.000000	4.800000E-8	0.091739	4.590276E-9	0.000000	0.000000	0.000000
1.600000E-8	0.113480	2.164100E-8	0.000000	0.000000	0.000000	4.000000E-8	0.078250	1.262426E-8	0.000000	0.000000	0.000000
1.200000E-8	0.069126	2.038027E-8	0.000000	0.000000	0.000000	4.400000E-8	0.030672	1.608199E-8	0.000000	0.000000	0.000000
1.200000E-8	0.192654	2.287264E-8	0.000000	0.000000	0.000000	3.600000E-8	0.054006	1.664401E-8	0.000000	0.000000	0.000000
1.200000E-8	0.232959	2.237212E-8	0.000000	0.000000	0.000000	4.000000E-8	0.127845	1.182792E-8	0.000000	0.000000	0.000000
1.600000E-8	0.158258	2.012572E-8	0.000000	0.000000	0.000000	4.000000E-8	0.094834	1.343313E-8	0.000000	0.000000	0.000000
1.600000E-8	0.124483	2.622840E-8	0.000000	0.000000	0.000000	4.000000E-8	0.113288	1.159338E-8	0.000000	0.000000	0.000000
1.200000E-8	0.118484	2.347830E-8	0.000000	0.000000	0.000000	3.600000E-8	0.065198	1.584584E-8	0.000000	0.000000	0.000000
1.200000E-8	0.320465	2.305119E-8	0.000000	0.000000	0.000000	4.400000E-8	0.157728	8.880995E-9	0.000000	0.000000	0.000000
1.200000E-8	0.091240	2.197240E-8	0.000000	0.000000	0.000000	3.600000E-8	0.057182	1.804770E-8	0.000000	0.000000	0.000000
1.200000E-8	0.332987	2.067051E-8	0.000000	0.000000	0.000000	4.400000E-8	0.141627	8.419192E-9	0.000000	0.000000	0.000000
1.200000E-8	0.119617	2.700263E-8	0.000000	0.000000	0.000000	4.800000E-8	0.040650	8.760209E-9	0.000000	0.000000	0.000000
1.600000E-8	0.369421	2.198532E-8	0.000000	0.000000	0.000000	4.400000E-8	0.107686	7.080757E-9	0.000000	0.000000	0.000000
1.200000E-8	0.108108	2.134518E-8	0.000000	0.000000	0.000000	4.000000E-8	0.050389	1.296940E-8	0.000000	0.000000	0.000000
1.200000E-8	0.395238	2.169124E-8	0.000000	0.000000	0.000000	4.400000E-8	0.162908	7.976127E-9	0.000000	0.000000	0.000000
1.600000E-8	0.220509	2.272150E-8	0.000000	0.000000	0.000000	4.400000E-8	0.068340	1.030456E-8	0.000000	0.000000	0.000000
1.200000E-8	0.189284	2.010435E-8	0.000000	0.000000	0.000000	4.000000E-8	0.034621	1.768841E-8	0.000000	0.000000	0.000000
1.600000E-8	0.152827	2.267362E-8	0.000000	0.000000	0.000000	3.600000E-8	0.099960	1.645550E-8	0.000000	0.000000	0.000000
1.600000E-8	0.341795	2.267543E-8	0.000000	0.000000	0.000000	4.400000E-8	0.107324	6.453750E-9	0.000000	0.000000	0.000000
1.600000E-8	0.211355	2.222583E-8	0.000000	0.000000	0.000000	5.600000E-8	0.028631	6.066903E-9	0.000000	0.000000	0.000000
1.200000E-8	0.052134	2.391511E-8	0.000000	0.000000	0.000000	4.400000E-8	0.026480	1.657847E-8	0.000000	0.000000	0.000000
1.200000E-8	0.072529	2.332516E-8	0.000000	0.000000	0.000000	3.200000E-8	0.050485	2.392406E-8	0.000000	0.000000	0.000000
1.200000E-8	0.127485	2.051316E-8	0.000000	0.000000	0.000000	3.600000E-8	0.121785	1.703908E-8	0.000000	0.000000	0.000000
1.200000E-8	0.343242	2.134791E-8	0.000000	0.000000	0.000000	4.400000E-8	0.117710	8.597627E-9	0.000000	0.000000	0.000000
1.600000E-8	0.134934	2.002874E-8	0.000000	0.000000	0.000000	4.400000E-8	0.097969	9.518218E-9	0.000000	0.000000	0.000000
1.600000E-8	0.098666	2.127860E-8	0.000000	0.000000	0.000000	4.000000E-8	0.032517	1.754068E-8	0.000000	0.000000	0.000000
1.600000E-8	0.421288	2.122982E-8	0.000000	0.000000	0.000000	4.400000E-8	0.059960	9.495005E-9	0.000000	0.000000	0.000000
1.200000E-8	0.171086	2.210851E-8	0.000000	0.000000	0.000000	4.400000E-8	0.041032	1.340630E-8	0.000000	0.000000	0.000000
1.600000E-8	0.277928	2.504656E-8	0.000000	0.000000	0.000000	5.200000E-8	-0.085933	4.393899E-8	0.000000	0.000000	0.000000
1.200000E-8	0.092104	2.094863E-8	0.000000	0.000000	0.000000	3.600000E-8	0.150651	1.627756E-8	0.000000	0.000000	0.000000
1.200000E-8	0.179702	2.035741E-8	0.000000	0.000000	0.000000	4.800000E-8	0.027392	1.413671E-8	0.000000	0.000000	0.000000
1.200000E-8	0.200243	2.186849E-8	0.000000	0.000000	0.000000	3.600000E-8	0.045450	1.678818E-8	0.000000	0.000000	0.000000
1.200000E-8	0.075567	2.194124E-8	0.000000	0.000000	0.000000	4.000000E-8	0.039244	1.879446E-8	0.000000	0.000000	0.000000
1.200000E-8	0.185756	2.090439E-8	0.000000	0.000000	0.000000	3.600000E-8	0.154888	1.505590E-8	0.000000	0.000000	0.000000
1.200000E-8	0.355585	2.209360E-8	0.000000	0.000000	0.000000	4.800000E-8	0.061544	7.573875E-9	0.000000	0.000000	0.000000
1.600000E-8	0.199521	2.163664E-8	0.000000	0.000000	0.000000	4.800000E-8	0.038059	1.058751E-8	0.000000	0.000000	0.000000
1.600000E-8	0.327816	2.216149E-8	0.000000	0.000000	0.000000	4.400000E-8	0.083068	6.609703E-9	0.000000	0.000000	0.000000
1.600000E-8	0.193860	2.236852E-8	0.000000	0.000000	0.000000	4.800000E-8	0.037899	8.880294E-9	0.000000	0.000000	0.000000
1.200000E-8	0.327294	2.142832E-8	0.000000	0.000000	0.000000	4.400000E-8	0.120934	9.480601E-9	0.000000	0.000000	0.000000
1.600000E-8	0.229689	2.483790E-8	0.000000	0.000000	0.000000	5.200000E-8	0.036895	5.321332E-9	0.000000	0.000000	0.000000
1.600000E-8	0.119965	2.315874E-8	0.000000	0.000000	0.000000	4.800000E-8	0.034743	1.181286E-8	0.000000	0.000000	0.000000
2.000000E-8	0.091596	2.393619E-8	0.000000	0.000000	0.000000	2.800000E-8	0.076100	2.521196E-8	0.000000	0.000000	0.000000
1.600000E-8	0.124011	2.498408E-8	0.000000	0.000000	0.000000	3.600000E-8	0.057959	1.941443E-8	0.000000	0.000000	0.000000
1.600000E-8	0.174862	2.089351E-8	0.000000	0.000000	0.000000	4.000000E-8	0.036751	1.530482E-8	0.000000	0.000000	0.000000
1.200000E-8	0.058029	2.706841E-8	0.000000	0.000000	0.000000	3.200000E-8	0.042674	2.136408E-8	0.000000	0.000000	0.000000
1.200000E-8	0.073667	2.119310E-8	0.000000	0.000000	0.000000	3.600000E-8	0.034740	2.195314E-8	0.000000	0.000000	0.000000
1.200000E-8	0.163092	2.261369E-8	0.000000	0.000000	0.000000	4.000000E-8	0.059646	1.498523E-8	0.000000	0.000000	0.000000
1.200000E-8	0.104839	2.237710E-8	0.000000	0.000000	0.000000	4.000000E-8	0.088469	1.337444E-8	0.000000	0.000000	0.000000
2.400000E-8	0.112608	2.317121E-8	0.000000	0.000000	0.000000	4.000000E-8	0.033138	1.751175E-8	0.000000	0.000000	0.000000
1.600000E-8	0.217464	2.270421E-8	0.000000	0.000000	0.000000	4.800000E-8	0.044757	8.126930E-9	0.000000	0.000000	0.000000
1.600000E-8	0.099644	2.418596E-8	0.000000	0.000000	0.000000	4.000000E-8	0.036093	1.606852E-8	0.000000	0.000000	0.000000
1.200000E-8	0.211764	2.175549E-8	0.000000	0.000000	0.000000	4.400000E-8	0.044046	1.281150E-8	0.000000	0.000000	0.000000
1.200000E-8	0.127293	2.162272E-8	0.000000	0.000000	0.000000	3.600000E-8	0.120836	1.342040E-8	0.000000	0.000000	0.000000
1.200000E-8	0.143707	2.279401E-8	0.000000	0.000000	0.000000	4.400000E-8	0.031508	1.335601E-8	0.000000	0.000000	0.000000
1.600000E-8	0.267713	2.239400E-8	0.000000	0.000000	0.000000	4.400000E-8	0.057054	1.041471E-8	0.000000	0.000000	0.000000
1.600000E-8	0.323377	2.484135E-8	0.000000	0.000000	0.000000	4.800000E-8	0.045814	8.088809E-9	0.000000	0.000000	0.000000
1.600000E-8	0.113358	2.286162E-8	0.000000	0.000000	0.000000	4.000000E-8	0.082209	1.240569E-8	0.000000	0.000000	0.000000
1.600000E-8	0.437486	3.563219E-8	0.000000	0.000000	0.000000	6.000000E-8	-0.009299	4.022080E-8	0.000000	0.000000	0.000000
1.600000E-8	0.269420	2.211804E-8	0.000000	0.000000	0.000000	4.400000E-8	0.095835	8.116722E-9	0.000000	0.000000	0.000000
1.600000E-8	0.310431	2.595163E-8	0.000000	0.000000	0.000000	6.000000E-8	-0.029919	4.603951E-8	0.000000	0.000000	0.000000
1.200000E-8	0.096833	2.245110E-8	0.000000	0.000000	0.000000	4.000000E-8	0.040161	1.765382E-8	0.000000	0.000000	0.000000
1.200000E-8	0.117239	2.224447E-8	0.000000	0.000000	0.000000	4.000000E-8	0.032010	1.788932E-8	0.000000	0.000000	0.000000
1.600000E-8	0.316918	2.361852E-8	0.000000	0.000000	0.000000	4.800000E-8	-0.066460	3.949774E-8	0.000000	0.000000	0.000000
1.200000E-8	0.059842	1.995460E-8	0.000000	0.000000	0.000000	3.200000E-8	0.105847	1.917604E-8	0.000000	0.000000	0.000000
1.200000E-8	0.077607	2.698885E-8	0.000000	0.000000	0.000000	4.400000E-8	0.058593	1.110925E-8	0.000000	0.000000	0.000000
1.600000E-8	0.392162	2.115471E-8	0.000000	0.000000	0.000000	4.400000E-8	0.060239	9.490307E-9	0.000000	0.000000	0.000000
1.200000E-8	0.330001	2.196640E-8	0.000000	0.000000	0.000000	4.000000E-8	0.125696	1.046829E-8	0.000000	0.000000	0.000000
1.600000E-8	0.092310	2.178180E-8	0.000000	0.000000	0.000000	4.800000E-8	0.028703	1.397288E-8	0.000000	0.000000	0.000000
1.600000E-8	0.275054	2.191564E-8	0.000000	0.000000	0.000000	4.800000E-8	0.001260	9.089999E-9	0.000000	0.000000	0.000000
1.200000E-8	0.058691	2.577875E-8	0.000000	0.000000	0.000000	4.000000E-8	0.041765	1.682837E-8	0.000000	0.000000	0.000000
1.200000E-8	0.079727	2.209128E-8	0.000000	0.000000	0.000000	2.800000E-8	0.138655	2.303554E-8	0.000000	0.000000	0.000000
1.200000E-8	0.113790	2.184072E-8	0.000000	0.000000	0.000000	4.000000E-8	0.059420	1.508090E-8	0.000000	0.000000	0.000000
1.200000E-8	0.096574	1.992859E-8	0.000000	0.000000	0.000000	4.000000E-8	0.041558	1.744543E-8	0.000000	0.000000	0.000000
1.600000E-8	0.457768	2.415237E-8	0.000000	0.000000	0.000000	4.400000E-8	0.088136	8.167249E-9	0.000000	0.000000	0.000000
1.600000E-8	0.386923	2.156072E-8	0.000000	0.000000	0.000000	5.200000E-8	0.034612	7.158018E-9	0.000000	0.000000	0.000000
1.200000E-8	0.080711	2.742384E-8	0.000000	0.000000	0.000000	3.200000E-8	0.084179	2.175615E-8	0.000000	0.000000	0.000000
1.600000E-8	0.391208	2.255931E-8	0.000000	0.000000	0.000000	5.200000E-8	-0.034418	3.805865E-8	0.000000	0.000000	0.000000
1.200000E-8	0.310872	2.264090E-8	0.000000	0.000000	0.000000	4.800000E-8	0.054928	8.493054E-9	0.000000	0.000000	0.000000
1.200000E-8	0.113716	2.102115E-8	0.000000	0.000000	0.000000	4.000000E-8	0.040749	1.644534E-8	0.000000	0.000000	0.000000
1.200000E-8	0.069475	2.261805E-8	0.000000	0.000000	0.000000	3.200000E-8	0.057630	2.232033E-8	0.000000	0.000000	0.000000
1.600000E-8	0.151758	2.206012E-8	0.000000	0.000000	0.000000	4.000000E-8	0.070263	1.376526E-8	0.000000	0.000000	0.000000
1.600000E-8	0.270231	2.129706E-8	0.000000	0.000000	0.000000	4.000000E-8	0.147157	9.334826E-9	0.000000	0.000000	0.000000
1.200000E-8	0.346570	2.185993E-8	0.000000	0.000000	0.000000	4.400000E-8	0.104121	7.783360E-9	0.000000	0.000000	0.000000
1.200000E-8	0.125853	2.212034E-8	0.000000	0.000000	0.000000	4.400000E-8	0.049000	1.292752E-8	0.000000	0.000000	0.000000
1.600000E-8	0.415687	2.162850E-8	0.000000	0.000000	0.000000	4.400000E-8	0.124247	7.627289E-9	0.000000	0.000000	0.000000
1.200000E-8	0.083375	1.946827E-8	0.000000	0.000000	0.000000	4.800000E-8	0.038920	1.082085E-8	0.000000	0.000000	0.000000
1.600000E-8	0.237792	2.275530E-8	0.000000	0.000000	0.000000	5.200000E-8	0.032800	6.698151E-9	0.000000	0.000000	0.000000
1.600000E-8	0.370506	2.111630E-8	0.000000	0.000000	0.000000	4.400000E-8	0.062473	8.852119E-9	0.000000	0.000000	0.000000
1.600000E-8	0.269505	2.084797E-8	0.000000	0.000000	0.000000	6.800000E-8	-0.000511	6.790228E-8	0.000000	0.000000	0.000000
1.600000E-8	0.419089	2.375981E-8	0.000000	0.000000	0.000000	5.200000E-8	-0.040313	4.115022E-8	0.000000	0.000000	0.000000
1.600000E-8	0.085861	2.006433E-8	0.000000	0.000000	0.000000	4.400000E-8	0.035954	1.316845E-8	0.000000	0.000000	0.000000
1.200000E-8	0.088041	2.200179E-8	0.000000	0.000000	0.000000	3.200000E-8	0.045353	2.398012E-8	0.000000	0.000000	0.000000
1.600000E-8	0.263138	2.288202E-8	0.000000	0.000000	0.000000	4.400000E-8	0.156561	7.158467E-9	0.000000	0.000000	0.000000
1.200000E-8	0.141718	2.040496E-8	0.000000	0.000000	0.000000	4.000000E-8	0.038721	1.631372E-8	0.000000	0.000000	0.000000
1.200000E-8	0.379535	2.098685E-8	0.000000	0.000000	0.000000	4.000000E-8	0.053982	1.379368E-8	0.000000	0.000000	0.000000
1.600000E-8	0.241871	2.255241E-8	0.000000	0.000000	0.000000	4.800000E-8	0.036638	9.697977E-9	0.000000	0.000000	0.000000
1.200000E-8	0.083500	2.082067E-8	0.000000	0.000000	0.000000	3.600000E-8	0.035168	2.013994E-8	0.000000	0.000000	0.000000
1.200000E-8	0.297376	2.380732E-8	0.000000	0.000000	0.000000	4.400000E-8	0.038292	1.046137E-8	0.000000	0.000000	0.000000
1.200000E-8	0.077116	2.073395E-8	0.000000	0.000000	0.000000	3.600000E-8	0.056304	1.963104E-8	0.000000	0.000000	0.000000
1.200000E-8	0.127741	2.133691E-8	0.000000	0.000000	0.000000	4.800000E-8	0.035012	1.286919E-8	0.000000	0.000000	0.000000
1.600000E-8	0.552157	2.356891E-8	0.000000	0.000000	0.000000	4.000000E-8	0.238721	1.018827E-8	0.000000	0.000000	0.000000
1.600000E-8	0.148905	2.212246E-8	0.000000	0.000000	0.000000	3.600000E-8	0.071585	1.543866E-8	0.000000	0.000000	0.000000
1.200000E-8	0.154464	1.997353E-8	0.000000	0.000000	0.000000	5.200000E-8	0.022687	1.035863E-8	0.000000	0.000000	0.000000
1.200000E-8	0.202175	2.134722E-8	0.000000	0.000000	0.000000	3.200000E-8	0.156916	2.055743E-8	0.000000	0.000000	0.000000
1.200000E-8	0.116876	2.044603E-8	0.000000	0.000000	0.000000	4.000000E-8	0.055725	1.274268E-8	0.000000	0.000000	0.000000
1.200000E-8	0.183392	2.195842E-8	0.000000	0.000000	0.000000	4.000000E-8	0.045182	1.348565E-8	0.000000	0.000000	0.000000
1.600000E-8	0.462303	2.089778E-8	0.000000	0.000000	0.000000	4.400000E-8	0.120925	7.187451E-9	0.000000	0.000000	0.000000
1.600000E-8	0.117913	2.341796E-8	0.000000	0.000000	0.000000	3.200000E-8	0.143557	1.826363E-8	0.000000	0.000000	0.000000
1.200000E-8	0.074050	2.120954E-8	0.000000	0.000000	0.000000	4.400000E-8	0.023695	1.877297E-8	0.000000	0.000000	0.000000
1.200000E-8	0.034577	3.015047E-8	0.000000	0.000000	0.000000	2.000000E-8	0.076005	3.167248E-8	0.000000	0.000000	0.000000
1.200000E-8	0.321629	2.120346E-8	0.000000	0.000000	0.000000	4.400000E-8	0.082527	7.602908E-9	0.000000	0.000000	0.000000
1.600000E-8	0.182017	2.334166E-8	0.000000	0.000000	0.000000	4.800000E-8	0.032283	8.785958E-9	0.000000	0.000000	0.000000
1.200000E-8	0.057198	2.028390E-8	0.000000	0.000000	0.000000	3.200000E-8	0.067147	1.923379E-8	0.000000	0.000000	0.000000
1.200000E-8	0.240873	2.207940E-8	0.000000	0.000000	0.000000	4.400000E-8	0.046208	1.277080E-8	0.000000	0.000000	0.000000
1.200000E-8	0.097008	2.385297E-8	0.000000	0.000000	0.000000	3.200000E-8	0.030936	2.297365E-8	0.000000	0.000000	0.000000
1.200000E-8	0.132955	2.125261E-8	0.000000	0.000000	0.000000	4.000000E-8	0.062958	1.362974E-8	0.000000	0.000000	0.000000
1.200000E-8	0.086267	2.639162E-8	0.000000	0.000000	0.000000	3.600000E-8	0.027333	2.324880E-8	0.000000	0.000000	0.000000
1.200000E-8	0.222690	2.159370E-8	0.000000	0.000000	0.000000	4.000000E-8	0.034576	1.635028E-8	0.000000	0.000000	0.000000
1.200000E-8	0.082094	2.101736E-8	0.000000	0.000000	0.000000	4.800000E-8	0.031887	1.335275E-8	0.000000	0.000000	0.000000
1.200000E-8	0.390156	2.182743E-8	0.000000	0.000000	0.000000	4.400000E-8	0.078355	1.080370E-8	0.000000	0.000000	0.000000
1.200000E-8	0.181728	2.090358E-8	0.000000	0.000000	0.000000	4.400000E-8	0.030048	1.165321E-8	0.000000	0.000000	0.000000
1.200000E-8	0.092996	2.452778E-8	0.000000	0.000000	0.000000	3.200000E-8	0.043180	2.260889E-8	0.000000	0.000000	0.000000
1.200000E-8	0.354859	2.185908E-8	0.000000	0.000000	0.000000	4.800000E-8	0.029359	9.877047E-9	0.000000	0.000000	0.000000
1.200000E-8	0.292496	2.098417E-8	0.000000	0.000000	0.000000	4.400000E-8	0.035811	1.463970E-8	0.000000	0.000000	0.000000
1.200000E-8	0.278566	2.328968E-8	0.000000	0.000000	0.000000	4.000000E-8	0.035919	1.607910E-8	0.000000	0.000000	0.000000
1.600000E-8	0.109160	2.224843E-8	0.000000	0.000000	0.000000	2.800000E-8	0.123236	2.497975E-8	0.000000	0.000000	0.000000
1.600000E-8	0.257000	2.206930E-8	0.000000	0.000000	0.000000	4.400000E-8	0.039191	1.212410E-8	0.000000	0.000000	0.000000
1.600000E-8	0.252612	2.146183E-8	0.000000	0.000000	0.000000	5.600000E-8	0.028524	8.451542E-9	0.000000	0.000000	0.000000
1.200000E-8	0.139022	2.150600E-8	0.000000	0.000000	0.000000	4.800000E-8	0.031115	1.072646E-8	0.000000	0.000000	0.000000
1.200000E-8	0.075682	2.008149E-8	0.000000	0.000000	0.000000	4.000000E-8	0.057629	1.256063E-8	0.000000	0.000000	0.000000
1.200000E-8	0.199071	2.188831E-8	0.000000	0.000000	0.000000	3.600000E-8	0.122392	1.482009E-8	0.000000	0.000000	0.000000
1.200000E-8	0.387434	2.096844E-8	0.000000	0.000000	0.000000	5.200000E-8	0.022429	1.017894E-8	0.000000	0.000000	0.000000
1.600000E-8	0.171410	2.293508E-8	0.000000	0.000000	0.000000	4.400000E-8	0.065998	9.472061E-9	0.000000	0.000000	0.000000
1.600000E-8	0.107888	2.040207E-8	0.000000	0.000000	0.000000	3.600000E-8	0.092817	1.611835E-8	0.000000	0.000000	0.000000
1.200000E-8	0.092899	2.134361E-8	0.000000	0.000000	0.000000	3.200000E-8	0.078828	1.918116E-8	0.000000	0.000000	0.000000
1.600000E-8	0.184741	2.683517E-8	0.000000	0.000000	0.000000	4.000000E-8	0.067617	1.100537E-8	0.000000	0.000000	0.000000
1.200000E-8	0.224324	2.240805E-8	0.000000	0.000000	0.000000	4.000000E-8	0.051296	1.364775E-8	0.000000	0.000000	0.000000
1.200000E-8	0.123386	2.106511E-8	0.000000	0.000000	0.000000	3.600000E-8	0.157002	1.441304E-8	0.000000	0.000000	0.000000
1.200000E-8	0.115883	2.137808E-8	0.000000	0.000000	0.000000	4.000000E-8	0.025527	2.054016E-8	0.000000	0.000000	0.000000
1.200000E-8	0.076835	2.139342E-8	0.000000	0.000000	0.000000	2.800000E-8	0.003010	7.604242E-8	0.000000	0.000000	0.000000
1.600000E-8	0.382360	2.149774E-8	0.000000	0.000000	0.000000	4.800000E-8	0.042453	9.958513E-9	0.000000	0.000000	0.000000
1.600000E-8	0.217646	2.179777E-8	0.000000	0.000000	0.000000	4.000000E-8	0.040015	1.453782E-8	0.000000	0.000000	0.000000
1.600000E-8	0.328733	2.550121E-8	0.000000	0.000000	0.000000	5.600000E-8	-0.061649	4.869166E-8	0.000000	0.000000	0.000000
1.200000E-8	0.148021	2.015800E-8	0.000000	0.000000	0.000000	3.600000E-8	0.113435	1.573951E-8	0.000000	0.000000	0.000000
1.600000E-8	0.311847	2.334413E-8	0.000000	0.000000	0.000000	4.400000E-8	0.125823	6.975755E-9	0.000000	0.000000	0.000000
1.200000E-8	0.229353	2.355313E-8	0.000000	0.000000	0.000000	4.000000E-8	0.069926	1.463044E-8	0.000000	0.000000	0.000000
1.200000E-8	0.094536	2.170508E-8	0.000000	0.000000	0.000000	3.200000E-8	0.112693	1.795492E-8	0.000000	0.000000	0.000000
1.600000E-8	0.255709	2.534774E-8	0.000000	0.000000	0.000000	4.800000E-8	0.001261	1.304179E-8	0.000000	0.000000	0.000000
1.200000E-8	0.222331	2.218454E-8	0.000000	0.000000	0.000000	4.800000E-8	0.027028	1.259907E-8	0.000000	0.000000	0.000000
1.200000E-8	0.150196	2.152120E-8	0.000000	0.000000	0.000000	4.400000E-8	0.048998	1.197104E-8	0.000000	0.000000	0.000000
1.200000E-8	0.156253	2.153175E-8	0.000000	0.000000	0.000000	3.600000E-8	0.088134	1.593976E-8	0.000000	0.000000	0.000000
1.600000E-8	0.345795	2.118053E-8	0.000000	0.000000	0.000000	4.800000E-8	-0.058781	3.789542E-8	0.000000	0.000000	0.000000
1.200000E-8	0.072507	2.190046E-8	0.000000	0.000000	0.000000	3.200000E-8	0.036122	2.402902E-8	0.000000	0.000000	0.000000
1.200000E-8	0.077014	2.177502E-8	0.000000	0.000000	0.000000	3.600000E-8	0.112952	1.496542E-8	0.000000	0.000000	0.000000
1.200000E-8	0.178947	2.571788E-8	0.000000	0.000000	0.000000	4.400000E-8	0.074376	7.641648E-9	0.000000	0.000000	0.000000
1.600000E-8	0.118752	2.300749E-8	0.000000	0.000000	0.000000	4.000000E-8	0.058453	1.426097E-8	0.000000	0.000000	0.000000
1.200000E-8	0.084632	2.338703E-8	0.000000	0.000000	0.000000	3.600000E-8	0.102015	1.678403E-8	0.000000	0.000000	0.000000
1.200000E-8	0.185138	2.260654E-8	0.000000	0.000000	0.000000	4.400000E-8	0.040327	1.343966E-8	0.000000	0.000000	0.000000
1.200000E-8	0.073014	2.085645E-8	0.000000	0.000000	0.000000	3.200000E-8	0.130294	2.113020E-8	0.000000	0.000000	0.000000
1.600000E-8	0.286009	2.065499E-8	0.000000	0.000000	0.000000	4.800000E-8	-0.048059	3.840175E-8	0.000000	0.000000	0.000000
1.600000E-8	0.687741	2.166853E-8	0.000000	0.000000	0.000000	4.400000E-8	0.107022	7.930159E-9	0.000000	0.000000	0.000000
1.600000E-8	0.313891	2.120098E-8	0.000000	0.000000	0.000000	4.400000E-8	0.079728	9.988888E-9	0.000000	0.000000	0.000000
1.600000E-8	0.303389	2.279825E-8	0.000000	0.000000	0.000000	4.800000E-8	0.036373	6.075815E-9	0.000000	0.000000	0.000000
1.600000E-8	0.218705	2.270539E-8	0.000000	0.000000	0.000000	4.000000E-8	0.084629	1.104641E-8	0.000000	0.000000	0.000000
1.600000E-8	0.230722	2.484129E-8	0.000000	0.000000	0.000000	4.400000E-8	0.055072	8.142710E-9	0.000000	0.000000	0.000000
1.200000E-8	0.143322	2.280845E-8	0.000000	0.000000	0.000000	4.000000E-8	0.070648	1.256806E-8	0.000000	0.000000	0.000000
1.200000E-8	0.174381	2.252740E-8	0.000000	0.000000	0.000000	4.400000E-8	0.061942	1.026095E-8	0.000000	0.000000	0.000000
1.200000E-8	0.045432	4.648309E-8	0.000000	0.000000	0.000000	3.600000E-8	0.103602	1.651763E-8	0.000000	0.000000	0.000000
1.600000E-8	0.363372	2.114291E-8	0.000000	0.000000	0.000000	5.200000E-8	0.028699	7.728329E-9	0.000000	0.000000	0.000000
1.200000E-8	0.108712	2.079912E-8	0.000000	0.000000	0.000000	2.400000E-8	0.100288	2.294888E-8	0.000000	0.000000	0.000000
1.200000E-8	0.076500	2.028833E-8	0.000000	0.000000	0.000000	3.600000E-8	0.055947	1.609329E-8	0.000000	0.000000	0.000000
1.200000E-8	0.058690	2.478438E-8	0.000000	0.000000	0.000000	3.600000E-8	0.051300	1.804140E-8	0.000000	0.000000	0.000000
1.200000E-8	0.312284	2.075764E-8	0.000000	0.000000	0.000000	4.400000E-8	0.108904	9.151745E-9	0.000000	0.000000	0.000000
1.600000E-8	0.113760	2.062639E-8	0.000000	0.000000	0.000000	4.000000E-8	0.047864	1.440673E-8	0.000000	0.000000	0.000000
1.600000E-8	0.322428	2.129831E-8	0.000000	0.000000	0.000000	4.000000E-8	0.109530	1.041622E-8	0.000000	0.000000	0.000000
1.200000E-8	0.169635	2.397316E-8	0.000000	0.000000	0.000000	4.400000E-8	0.028261	1.524597E-8	0.000000	0.000000	0.000000
1.600000E-8	0.270050	2.226634E-8	0.000000	0.000000	0.000000	4.800000E-8	0.032691	9.839894E-9	0.000000	0.000000	0.000000
1.600000E-8	0.188764	2.061907E-8	0.000000	0.000000	0.000000	4.000000E-8	0.070377	1.402388E-8	0.000000	0.000000	0.000000
1.200000E-8	0.099171	2.467282E-8	0.000000	0.000000	0.000000	4.800000E-8	0.028705	1.339706E-8	0.000000	0.000000	0.000000
1.200000E-8	0.085550	1.962037E-8	0.000000	0.000000	0.000000	4.400000E-8	0.038178	1.321729E-8	0.000000	0.000000	0.000000
1.200000E-8	0.124991	2.199531E-8	0.000000	0.000000	0.000000	4.000000E-8	0.029423	1.838936E-8	0.000000	0.000000	0.000000
1.600000E-8	0.105073	2.379163E-8	0.000000	0.000000	0.000000	4.800000E-8	-0.045693	3.345611E-8	0.000000	0.000000	0.000000
2.000000E-8	0.094282	2.271610E-8	0.000000	0.000000	0.000000	3.200000E-8	0.040945	2.098072E-8	0.000000	0.000000	0.000000
1.600000E-8	0.147486	2.131708E-8	0.000000	0.000000	0.000000	4.000000E-8	-0.033600	2.406547E-8	0.000000	0.000000	0.000000
1.200000E-8	0.099556	2.327896E-8	0.000000	0.000000	0.000000	4.000000E-8	0.026751	1.922853E-8	0.000000	0.000000	0.000000
1.200000E-8	0.092883	2.190052E-8	0.000000	0.000000	0.000000	3.200000E-8	0.050728	2.328770E-8	0.000000	0.000000	0.000000
1.600000E-8	0.081880	2.169008E-8	0.000000	0.000000	0.000000	4.000000E-8	0.027343	1.872895E-8	0.000000	0.000000	0.000000
1.200000E-8	0.054270	2.104175E-8	0.000000	0.000000	0.000000	3.200000E-8	0.095584	2.023466E-8	0.000000	0.000000	0.000000
1.200000E-8	0.083374	2.173920E-8	0.000000	0.000000	0.000000	3.600000E-8	0.067709	1.522017E-8	0.000000	0.000000	0.000000
1.600000E-8	0.079576	1.972329E-8	0.000000	0.000000	0.000000	4.400000E-8	0.044891	1.277167E-8	0.000000	0.000000	0.000000
1.200000E-8	0.421916	2.338773E-8	0.000000	0.000000	0.000000	4.400000E-8	0.044715	1.216461E-8	0.000000	0.000000	0.000000
1.600000E-8	0.358043	2.327544E-8	0.000000	0.000000	0.000000	5.200000E-8	0.042962	5.895760E-9	0.000000	0.000000	0.000000
1.600000E-8	0.301121	2.199929E-8	0.000000	0.000000	0.000000	4.400000E-8	0.064517	1.094922E-8	0.000000	0.000000	0.000000
1.200000E-8	0.109939	2.509562E-8	0.000000	0.000000	0.000000	3.600000E-8	0.077372	1.708091E-8	0.000000	0.000000	0.000000
1.200000E-8	0.090808	2.021728E-8	0.000000	0.000000	0.000000	4.400000E-8	0.034013	1.408290E-8	0.000000	0.000000	0.000000
1.600000E-8	0.264242	2.357861E-8	0.000000	0.000000	0.000000	4.800000E-8	0.030171	1.247782E-8	0.000000	0.000000	0.000000
1.200000E-8	0.139570	2.184799E-8	0.000000	0.000000	0.000000	4.000000E-8	0.053175	1.551204E-8	0.000000	0.000000	0.000000
1.200000E-8	0.079746	2.131071E-8	0.000000	0.000000	0.000000	3.600000E-8	0.055478	1.727517E-8	0.000000	0.000000	0.000000
1.600000E-8	0.221912	2.096310E-8	0.000000	0.000000	0.000000	4.400000E-8	0.059923	8.889240E-9	0.000000	0.000000	0.000000
1.200000E-8	0.260440	2.105769E-8	0.000000	0.000000	0.000000	4.000000E-8	0.106126	1.296438E-8	0.000000	0.000000	0.000000
1.200000E-8	0.172287	2.080104E-8	0.000000	0.000000	0.000000	4.000000E-8	0.078428	1.403441E-8	0.000000	0.000000	0.000000
1.600000E-8	0.096854	3.815807E-8	0.000000	0.000000	0.000000	4.800000E-8	0.100239	6.812476E-9	0.000000	0.000000	0.000000
1.200000E-8	0.067935	2.269779E-8	0.000000	0.000000	0.000000	3.600000E-8	0.059042	1.600180E-8	0.000000	0.000000	0.000000
1.200000E-8	0.072115	2.062057E-8	0.000000	0.000000	0.000000	3.600000E-8	0.039458	1.958795E-8	0.000000	0.000000	0.000000
1.600000E-8	0.268297	2.327467E-8	0.000000	0.000000	0.000000	4.400000E-8	0.107110	8.345915E-9	0.000000	0.000000	0.000000
1.600000E-8	0.263201	2.318809E-8	0.000000	0.000000	0.000000	4.400000E-8	0.066245	7.541353E-9	0.000000	0.000000	0.000000
2.000000E-8	0.122716	2.420688E-8	0.000000	0.000000	0.000000	4.000000E-8	0.057234	1.246473E-8	0.000000	0.000000	0.000000
1.200000E-8	0.068378	1.959885E-8	0.000000	0.000000	0.000000	3.600000E-8	0.055539	1.637576E-8	0.000000	0.000000	0.000000
1.200000E-8	0.248410	2.019989E-8	0.000000	0.000000	0.000000	4.000000E-8	0.120878	1.042695E-8	0.000000	0.000000	0.000000
1.600000E-8	0.152344	2.048076E-8	0.000000	0.000000	0.000000	5.600000E-8	0.000992	1.005347E-8	0.000000	0.000000	0.000000
1.200000E-8	0.251266	2.365707E-8	0.000000	0.000000	0.000000	4.000000E-8	0.081078	1.030541E-8	0.000000	0.000000	0.000000
1.200000E-8	0.199393	2.299638E-8	0.000000	0.000000	0.000000	4.400000E-8	0.040288	1.166573E-8	0.000000	0.000000	0.000000
1.600000E-8	0.146330	2.132203E-8	0.000000	0.000000	0.000000	3.600000E-8	0.062272	1.667506E-8	0.000000	0.000000	0.000000
1.200000E-8	0.184626	2.206044E-8	0.000000	0.000000	0.000000	4.000000E-8	0.061171	1.283782E-8	0.000000	0.000000	0.000000
1.200000E-8	0.169233	2.215728E-8	0.000000	0.000000	0.000000	4.400000E-8	0.028319	1.474412E-8	0.000000	0.000000	0.000000
1.200000E-8	0.103948	2.224470E-8	0.000000	0.000000	0.000000	4.400000E-8	0.032173	1.591051E-8	0.000000	0.000000	0.000000
1.200000E-8	0.133590	2.415188E-8	0.000000	0.000000	0.000000	4.000000E-8	0.048894	1.648373E-8	0.000000	0.000000	0.000000
1.200000E-8	0.232542	2.115243E-8	0.000000	0.000000	0.000000	4.000000E-8	0.072498	1.217204E-8	0.000000	0.000000	0.000000
2.000000E-8	0.093111	2.260176E-8	0.000000	0.000000	0.000000	3.600000E-8	0.085137	1.675732E-8	0.000000	0.000000	0.000000
1.600000E-8	0.082082	2.198735E-8	0.000000	0.000000	0.000000	4.000000E-8	0.024105	1.844313E-8	0.000000	0.000000	0.000000
1.200000E-8	0.060722	2.046246E-8	0.000000	0.000000	0.000000	4.400000E-8	0.027445	1.693760E-8	0.000000	0.000000	0.000000
1.200000E-8	0.222411	2.183065E-8	0.000000	0.000000	0.000000	4.000000E-8	0.027181	1.867199E-8	0.000000	0.000000	0.000000
1.200000E-8	0.076893	2.189033E-8	0.000000	0.000000	0.000000	3.200000E-8	0.043942	2.057472E-8	0.000000	0.000000	0.000000
1.600000E-8	0.542658	2.167443E-8	0.000000	0.000000	0.000000	4.800000E-8	0.064513	5.901849E-9	0.000000	0.000000	0.000000
1.200000E-8	0.280425	2.302927E-8	0.000000	0.000000	0.000000	4.000000E-8	0.097674	1.192588E-8	0.000000	0.000000	0.000000
1.200000E-8	0.309998	2.710322E-8	0.000000	0.000000	0.000000	4.000000E-8	0.170641	1.017491E-8	0.000000	0.000000	0.000000
1.600000E-8	0.726813	2.325218E-8	0.000000	0.000000	0.000000	4.800000E-8	0.091378	5.561162E-9	0.000000	0.000000	0.000000
2.000000E-8	0.116896	2.155685E-8	0.000000	0.000000	0.000000	4.000000E-8	0.051134	1.508274E-8	0.000000	0.000000	0.000000
1.600000E-8	0.082797	2.700379E-8	0.000000	0.000000	0.000000	4.000000E-8	0.112766	1.264788E-8	0.000000	0.000000	0.000000
1.200000E-8	0.199308	2.186689E-8	0.000000	0.000000	0.000000	4.400000E-8	0.072749	8.527742E-9	0.000000	0.000000	0.000000
1.600000E-8	0.215706	2.172477E-8	0.000000	0.000000	0.000000	5.200000E-8	0.001912	1.083705E-8	0.000000	0.000000	0.000000
1.600000E-8	0.114872	2.246661E-8	0.000000	0.000000	0.000000	4.000000E-8	0.050949	1.559534E-8	0.000000	0.000000	0.000000
1.200000E-8	0.101351	2.182355E-8	0.000000	0.000000	0.000000	4.000000E-8	0.034285	1.661383E-8	0.000000	0.000000	0.000000
1.600000E-8	0.204369	2.028105E-8	0.000000	0.000000	0.000000	4.000000E-8	0.135765	1.064836E-8	0.000000	0.000000	0.000000
1.200000E-8	0.117682	2.094653E-8	0.000000	0.000000	0.000000	3.600000E-8	0.071575	1.579780E-8	0.000000	0.000000	0.000000
1.600000E-8	0.344356	2.325671E-8	0.000000	0.000000	0.000000	4.800000E-8	0.042431	6.860094E-9	0.000000	0.000000	0.000000
1.200000E-8	0.284420	2.076367E-8	0.000000	0.000000	0.000000	4.800000E-8	0.030356	1.000878E-8	0.000000	0.000000	0.000000
1.200000E-8	0.332752	2.268740E-8	0.000000	0.000000	0.000000	5.200000E-8	0.029620	7.253553E-9	0.000000	0.000000	0.000000
1.200000E-8	0.121946	2.162809E-8	0.000000	0.000000	0.000000	4.000000E-8	0.036061	1.587294E-8	0.000000	0.000000	0.000000
1.200000E-8	0.096258	2.032089E-8	0.000000	0.000000	0.000000	4.000000E-8	0.045712	1.528910E-8	0.000000	0.000000	0.000000
1.200000E-8	0.087167	2.918134E-8	0.000000	0.000000	0.000000	4.000000E-8	0.001664	1.096763E-8	0.000000	0.000000	0.000000
1.600000E-8	0.382225	2.194968E-8	0.000000	0.000000	0.000000	4.400000E-8	0.114936	8.091153E-9	0.000000	0.000000	0.000000
1.200000E-8	0.447572	2.156873E-8	0.000000	0.000000	0.000000	4.400000E-8	0.107268	7.076376E-9	0.000000	0.000000	0.000000
1.200000E-8	0.126783	2.397956E-8	0.000000	0.000000	0.000000	3.600000E-8	0.066022	1.740310E-8	0.000000	0.000000	0.000000
1.600000E-8	0.210922	2.653485E-8	0.000000	0.000000	0.000000	5.200000E-8	0.024363	7.947581E-9	0.000000	0.000000	0.000000
1.600000E-8	0.163087	2.455522E-8	0.000000	0.000000	0.000000	4.000000E-8	0.059482	1.258375E-8	0.000000	0.000000	0.000000
1.600000E-8	0.383495	2.239415E-8	0.000000	0.000000	0.000000	4.800000E-8	0.003378	1.105967E-8	0.000000	0.000000	0.000000
1.200000E-8	0.072650	2.269068E-8	0.000000	0.000000	0.000000	4.000000E-8	0.026439	1.669036E-8	0.000000	0.000000	0.000000
1.600000E-8	0.190530	2.818964E-8	0.000000	0.000000	0.000000	4.000000E-8	0.086324	1.113563E-8	0.000000	0.000000	0.000000
1.600000E-8	0.278717	2.212468E-8	0.000000	0.000000	0.000000	4.400000E-8	0.040437	9.663495E-9	0.000000	0.000000	0.000000
1.600000E-8	0.475099	2.232730E-8	0.000000	0.000000	0.000000	4.800000E-8	0.061750	5.328959E-9	0.000000	0.000000	0.000000
1.600000E-8	0.090110	3.237956E-8	0.000000	0.000000	0.000000	4.000000E-8	0.112468	1.293388E-8	0.000000	0.000000	0.000000
1.200000E-8	0.204033	2.032840E-8	0.000000	0.000000	0.000000	4.400000E-8	0.034536	1.118959E-8	0.000000	0.000000	0.000000
1.200000E-8	0.272545	2.227109E-8	0.000000	0.000000	0.000000	4.800000E-8	0.030801	1.053148E-8	0.000000	0.000000	0.000000
1.600000E-8	0.084728	2.112770E-8	0.000000	0.000000	0.000000	2.800000E-8	0.149945	2.088072E-8	0.000000	0.000000	0.000000
1.600000E-8	0.318357	2.198292E-8	0.000000	0.000000	0.000000	3.600000E-8	0.083859	1.433552E-8	0.000000	0.000000	0.000000
1.600000E-8	0.398956	2.287646E-8	0.000000	0.000000	0.000000	5.200000E-8	0.021633	8.128869E-9	0.000000	0.000000	0.000000
1.600000E-8	0.229864	2.450258E-8	0.000000	0.000000	0.000000	5.200000E-8	0.027855	9.275801E-9	0.000000	0.000000	0.000000
1.200000E-8	0.129366	2.326806E-8	0.000000	0.000000	0.000000	3.600000E-8	0.090135	1.572494E-8	0.000000	0.000000	0.000000
1.200000E-8	0.189572	2.193377E-8	0.000000	0.000000	0.000000	4.800000E-8	0.036787	8.409572E-9	0.000000	0.000000	0.000000
1.600000E-8	0.127401	2.411354E-8	0.000000	0.000000	0.000000	3.600000E-8	0.087470	1.535998E-8	0.000000	0.000000	0.000000
1.600000E-8	0.076355	2.084351E-8	0.000000	0.000000	0.000000	4.800000E-8	0.030200	2.034006E-8	0.000000	0.000000	0.000000
1.600000E-8	0.090276	2.073895E-8	0.000000	0.000000	0.000000	2.800000E-8	-0.486538	2.394030E-8	0.000000	0.000000	0.000000
1.200000E-8	0.218662	2.088108E-8	0.000000	0.000000	0.000000	4.000000E-8	0.071728	1.323248E-8	0.000000	0.000000	0.000000
1.600000E-8	0.354857	2.151680E-8	0.000000	0.000000	0.000000	4.400000E-8	0.099668	9.120184E-9	0.000000	0.000000	0.000000
1.600000E-8	0.097903	2.193134E-8	0.000000	0.000000	0.000000	4.000000E-8	0.044983	1.441773E-8	0.000000	0.000000	0.000000
1.600000E-8	0.320468	2.026633E-8	0.000000	0.000000	0.000000	4.400000E-8	0.031252	1.074010E-8	0.000000	0.000000	0.000000
1.200000E-8	0.386778	2.268245E-8	0.000000	0.000000	0.000000	4.400000E-8	0.084777	8.914866E-9	0.000000	0.000000	0.000000
2.400000E-8	0.087827	2.579456E-8	0.000000	0.000000	0.000000	3.200000E-8	0.057946	2.043118E-8	0.000000	0.000000	0.000000
1.200000E-8	0.111888	2.285919E-8	0.000000	0.000000	0.000000	4.800000E-8	0.029426	9.833461E-9	0.000000	0.000000	0.000000
1.200000E-8	0.149094	2.305009E-8	0.000000	0.000000	0.000000	4.800000E-8	0.028365	1.529250E-8	0.000000	0.000000	0.000000
1.600000E-8	0.314649	2.429697E-8	0.000000	0.000000	0.000000	4.400000E-8	0.055047	7.604982E-9	0.000000	0.000000	0.000000
1.200000E-8	0.060601	1.911512E-8	0.000000	0.000000	0.000000	3.600000E-8	0.039112	1.983325E-8	0.000000	0.000000	0.000000
1.600000E-8	0.359830	2.227000E-8	0.000000	0.000000	0.000000	5.200000E-8	0.025650	8.646188E-9	0.000000	0.000000	0.000000
1.200000E-8	0.195390	2.099716E-8	0.000000	0.000000	0.000000	4.400000E-8	0.057562	1.043473E-8	0.000000	0.000000	0.000000
1.200000E-8	0.154537	2.174251E-8	0.000000	0.000000	0.000000	4.000000E-8	0.023738	1.628992E-8	0.000000	0.000000	0.000000
1.200000E-8	0.199537	2.280466E-8	0.000000	0.000000	0.000000	5.200000E-8	0.028492	1.129276E-8	0.000000	0.000000	0.000000
1.600000E-8	0.213389	2.164862E-8	0.000000	0.000000	0.000000	4.400000E-8	0.042976	9.694932E-9	0.000000	0.000000	0.000000
1.600000E-8	0.127330	2.359258E-8	0.000000	0.000000	0.000000	4.000000E-8	0.041580	1.365761E-8	0.000000	0.000000	0.000000
1.600000E-8	0.212670	2.241047E-8	0.000000	0.000000	0.000000	4.000000E-8	0.039480	1.524209E-8	0.000000	0.000000	0.000000
1.600000E-8	0.301297	2.453652E-8	0.000000	0.000000	0.000000	5.200000E-8	0.032197	6.502154E-9	0.000000	0.000000	0.000000
1.200000E-8	0.095819	2.235643E-8	0.000000	0.000000	0.000000	3.600000E-8	0.034055	1.956241E-8	0.000000	0.000000	0.000000
1.600000E-8	0.482407	2.187032E-8	0.000000	0.000000	0.000000	5.200000E-8	0.030554	8.246188E-9	0.000000	0.000000	0.000000
1.600000E-8	0.109216	2.376724E-8	0.000000	0.000000	0.000000	3.600000E-8	0.047002	1.606791E-8	0.000000	0.000000	0.000000
1.600000E-8	0.073834	2.045734E-8	0.000000	0.000000	0.000000	3.600000E-8	0.001698	1.242580E-8	0.000000	0.000000	0.000000
1.600000E-8	0.109556	2.376696E-8	0.000000	0.000000	0.000000	3.200000E-8	0.114359	2.017619E-8	0.000000	0.000000	0.000000
1.200000E-8	0.174751	2.332901E-8	0.000000	0.000000	0.000000	5.200000E-8	0.031641	8.898300E-9	0.000000	0.000000	0.000000
1.200000E-8	0.426196	2.291893E-8	0.000000	0.000000	0.000000	4.400000E-8	0.048575	1.077662E-8	0.000000	0.000000	0.000000
1.200000E-8	0.293923	2.221043E-8	0.000000	0.000000	0.000000	4.400000E-8	0.076828	9.528493E-9	0.000000	0.000000	0.000000
1.200000E-8	0.184363	2.137511E-8	0.000000	0.000000	0.000000	4.000000E-8	0.051743	1.637836E-8	0.000000	0.000000	0.000000
1.200000E-8	0.164090	2.009074E-8	0.000000	0.000000	0.000000	4.400000E-8	0.047036	1.062525E-8	0.000000	0.000000	0.000000
2.000000E-8	0.112873	2.424486E-8	0.000000	0.000000	0.000000	5.200000E-8	0.033445	6.460264E-9	0.000000	0.000000	0.000000
1.200000E-8	0.388018	2.343573E-8	0.000000	0.000000	0.000000	4.000000E-8	0.147389	1.007914E-8	0.000000	0.000000	0.000000
1.600000E-8	0.336903	2.317079E-8	0.000000	0.000000	0.000000	4.400000E-8	0.086755	7.062313E-9	0.000000	0.000000	0.000000
1.200000E-8	0.144288	2.067530E-8	0.000000	0.000000	0.000000	3.600000E-8	0.091522	1.607718E-8	0.000000	0.000000	0.000000
1.600000E-8	0.214911	3.000624E-8	0.000000	0.000000	0.000000	5.200000E-8	0.028606	9.425460E-9	0.000000	0.000000	0.000000
1.200000E-8	0.105807	2.156345E-8	0.000000	0.000000	0.000000	3.600000E-8	0.044161	2.081204E-8	0.000000	0.000000	0.000000
1.600000E-8	0.215231	2.175728E-8	0.000000	0.000000	0.000000	6.400000E-8	-0.023480	2.870402E-8	0.000000	0.000000	0.000000
1.200000E-8	0.143463	2.321306E-8	0.000000	0.000000	0.000000	3.600000E-8	0.051404	1.829280E-8	0.000000	0.000000	0.000000
1.600000E-8	0.199621	2.280393E-8	0.000000	0.000000	0.000000	4.800000E-8	0.041173	8.320441E-9	0.000000	0.000000	0.000000
1.200000E-8	0.268793	2.120716E-8	0.000000	0.000000	0.000000	4.000000E-8	0.130419	1.192889E-8	0.000000	0.000000	0.000000
1.600000E-8	0.319398	2.440844E-8	0.000000	0.000000	0.000000	4.400000E-8	0.140936	7.496136E-9	0.000000	0.000000	0.000000
1.600000E-8	0.342250	2.142491E-8	0.000000	0.000000	0.000000	4.400000E-8	0.052308	8.646793E-9	0.000000	0.000000	0.000000
1.200000E-8	0.172947	2.086273E-8	0.000000	0.000000	0.000000	3.600000E-8	0.081859	1.447151E-8	0.000000	0.000000	0.000000
1.200000E-8	0.419279	2.314823E-8	0.000000	0.000000	0.000000	4.400000E-8	0.105407	8.972476E-9	0.000000	0.000000	0.000000
1.600000E-8	0.122249	3.086889E-8	0.000000	0.000000	0.000000	5.200000E-8	0.001579	1.093693E-8	0.000000	0.000000	0.000000
1.200000E-8	0.155356	2.184321E-8	0.000000	0.000000	0.000000	4.400000E-8	0.029893	1.700468E-8	0.000000	0.000000	0.000000
1.200000E-8	0.125033	2.287052E-8	0.000000	0.000000	0.000000	4.000000E-8	0.052293	1.288276E-8	0.000000	0.000000	0.000000
1.200000E-8	0.206485	2.011640E-8	0.000000	0.000000	0.000000	4.000000E-8	0.112308	1.030091E-8	0.000000	0.000000	0.000000
1.600000E-8	0.306856	2.262176E-8	0.000000	0.000000	0.000000	4.800000E-8	0.055234	4.872786E-9	0.000000	0.000000	0.000000
1.200000E-8	0.193687	2.335882E-8	0.000000	0.000000	0.000000	4.400000E-8	0.077495	1.071505E-8	0.000000	0.000000	0.000000
1.200000E-8	0.176254	2.586345E-8	0.000000	0.000000	0.000000	4.800000E-8	0.029896	9.214950E-9	0.000000	0.000000	0.000000
1.600000E-8	0.391106	2.388030E-8	0.000000	0.000000	0.000000	4.400000E-8	0.097580	8.506426E-9	0.000000	0.000000	0.000000
1.600000E-8	0.206276	2.237541E-8	0.000000	0.000000	0.000000	4.400000E-8	0.068330	9.983915E-9	0.000000	0.000000	0.000000
1.200000E-8	0.067020	2.158073E-8	0.000000	0.000000	0.000000	4.800000E-8	0.032006	1.672697E-8	0.000000	0.000000	0.000000
1.200000E-8	0.119825	2.578463E-8	0.000000	0.000000	0.000000	4.400000E-8	0.043421	9.203025E-9	0.000000	0.000000	0.000000
1.200000E-8	0.110733	2.413692E-8	0.000000	0.000000	0.000000	3.600000E-8	0.020690	2.503593E-8	0.000000	0.000000	0.000000
1.600000E-8	0.335508	2.403041E-8	0.000000	0.000000	0.000000	4.800000E-8	0.057752	6.627637E-9	0.000000	0.000000	0.000000
1.600000E-8	0.181039	2.064152E-8	0.000000	0.000000	0.000000	4.400000E-8	0.001558	1.088614E-8	0.000000	0.000000	0.000000
1.600000E-8	0.113934	2.163921E-8	0.000000	0.000000	0.000000	4.800000E-8	0.024607	1.607509E-8	0.000000	0.000000	0.000000
1.600000E-8	0.085752	2.242498E-8	0.000000	0.000000	0.000000	3.600000E-8	0.104501	1.740075E-8	0.000000	0.000000	0.000000
1.200000E-8	0.117827	1.960596E-8	0.000000	0.000000	0.000000	4.000000E-8	0.028846	1.817140E-8	0.000000	0.000000	0.000000
1.200000E-8	0.128320	1.987447E-8	0.000000	0.000000	0.000000	4.000000E-8	0.053468	1.162674E-8	0.000000	0.000000	0.000000
1.200000E-8	0.079633	1.961872E-8	0.000000	0.000000	0.000000	4.000000E-8	0.032503	1.536673E-8	0.000000	0.000000	0.000000
1.600000E-8	0.182788	3.268418E-8	0.000000	0.000000	0.000000	3.600000E-8	0.150137	1.543671E-8	0.000000	0.000000	0.000000
1.200000E-8	0.118364	2.659028E-8	0.000000	0.000000	0.000000	3.200000E-8	0.070466	1.934530E-8	0.000000	0.000000	0.000000
1.200000E-8	0.230116	2.178381E-8	0.000000	0.000000	0.000000	5.200000E-8	0.027423	1.069600E-8	0.000000	0.000000	0.000000
1.200000E-8	0.211369	2.218540E-8	0.000000	0.000000	0.000000	4.000000E-8	0.121924	1.077337E-8	0.000000	0.000000	0.000000
1.600000E-8	0.163058	2.216874E-8	0.000000	0.000000	0.000000	4.000000E-8	0.080247	1.309799E-8	0.000000	0.000000	0.000000
1.600000E-8	0.209877	2.296728E-8	0.000000	0.000000	0.000000	4.400000E-8	0.068208	1.188638E-8	0.000000	0.000000	0.000000
1.200000E-8	0.309298	2.256800E-8	0.000000	0.000000	0.000000	5.200000E-8	0.033371	6.695820E-9	0.000000	0.000000	0.000000
1.200000E-8	0.124113	2.027096E-8	0.000000	0.000000	0.000000	4.800000E-8	0.041982	1.077414E-8	0.000000	0.000000	0.000000
1.200000E-8	0.122092	2.174531E-8	0.000000	0.000000	0.000000	4.400000E-8	0.028386	1.467724E-8	0.000000	0.000000	0.000000
1.200000E-8	0.095347	2.366372E-8	0.000000	0.000000	0.000000	5.200000E-8	0.034704	9.736680E-9	0.000000	0.000000	0.000000
1.200000E-8	0.198105	2.490451E-8	0.000000	0.000000	0.000000	4.000000E-8	0.038110	1.442930E-8	0.000000	0.000000	0.000000
1.200000E-8	0.101565	2.150470E-8	0.000000	0.000000	0.000000	3.200000E-8	0.128388	2.136670E-8	0.000000	0.000000	0.000000
1.600000E-8	0.395147	2.047653E-8	0.000000	0.000000	0.000000	4.400000E-8	0.110998	9.077262E-9	0.000000	0.000000	0.000000
1.200000E-8	0.112038	2.052914E-8	0.000000	0.000000	0.000000	3.600000E-8	0.113078	1.676663E-8	0.000000	0.000000	0.000000
1.200000E-8	0.077058	2.108666E-8	0.000000	0.000000	0.000000	3.200000E-8	0.052021	2.042593E-8	0.000000	0.000000	0.000000
1.200000E-8	0.074440	2.315212E-8	0.000000	0.000000	0.000000	3.200000E-8	0.157369	2.065110E-8	0.000000	0.000000	0.000000
1.600000E-8	0.096668	2.099278E-8	0.000000	0.000000	0.000000	3.600000E-8	0.039918	1.914010E-8	0.000000	0.000000	0.000000
1.200000E-8	0.306124	2.350402E-8	0.000000	0.000000	0.000000	4.400000E-8	0.082895	9.102605E-9	0.000000	0.000000	0.000000
1.200000E-8	0.353432	2.271285E-8	0.000000	0.000000	0.000000	4.400000E-8	0.062977	8.453398E-9	0.000000	0.000000	0.000000
1.200000E-8	0.186560	2.098099E-8	0.000000	0.000000	0.000000	3.600000E-8	0.113262	1.421458E-8	0.000000	0.000000	0.000000
1.200000E-8	0.069069	2.100726E-8	0.000000	0.000000	0.000000	5.600000E-8	0.001951	7.664213E-8	0.000000	0.000000	0.000000
1.600000E-8	0.292006	2.365406E-8	0.000000	0.000000	0.000000	4.400000E-8	0.116975	9.571522E-9	0.000000	0.000000	0.000000
1.200000E-8	0.083799	2.099419E-8	0.000000	0.000000	0.000000	3.600000E-8	0.032765	2.158034E-8	0.000000	0.000000	0.000000
1.600000E-8	0.556798	2.142119E-8	0.000000	0.000000	0.000000	4.400000E-8	0.148088	6.513350E-9	0.000000	0.000000	0.000000
1.600000E-8	0.077748	2.050300E-8	0.000000	0.000000	0.000000	4.400000E-8	0.027947	1.567356E-8	0.000000	0.000000	0.000000
1.600000E-8	0.092511	2.074471E-8	0.000000	0.000000	0.000000	4.400000E-8	0.035259	1.600107E-8	0.000000	0.000000	0.000000
1.600000E-8	0.200684	2.584659E-8	0.000000	0.000000	0.000000	5.200000E-8	0.033139	6.701207E-9	0.000000	0.000000	0.000000
1.200000E-8	0.227641	2.239567E-8	0.000000	0.000000	0.000000	5.200000E-8	0.030257	1.351263E-8	0.000000	0.000000	0.000000
1.600000E-8	0.160360	2.197283E-8	0.000000	0.000000	0.000000	4.000000E-8	0.053325	1.288365E-8	0.000000	0.000000	0.000000
1.200000E-8	0.272869	2.470707E-8	0.000000	0.000000	0.000000	4.400000E-8	0.132092	8.287177E-9	0.000000	0.000000	0.000000
2.000000E-8	0.099876	2.959534E-8	0.000000	0.000000	0.000000	3.200000E-8	0.079732	1.841295E-8	0.000000	0.000000	0.000000
1.600000E-8	0.307336	2.222402E-8	0.000000	0.000000	0.000000	4.000000E-8	0.135098	1.009802E-8	0.000000	0.000000	0.000000
1.200000E-8	0.333514	2.072518E-8	0.000000	0.000000	0.000000	5.600000E-8	0.024224	6.880878E-9	0.000000	0.000000	0.000000
1.200000E-8	0.088153	2.005906E-8	0.000000	0.000000	0.000000	3.600000E-8	0.079158	1.547873E-8	0.000000	0.000000	0.000000
1.600000E-8	0.070953	3.048612E-8	0.000000	0.000000	0.000000	4.000000E-8	0.001537	7.593510E-8	0.000000	0.000000	0.000000
1.200000E-8	0.093665	2.592013E-8	0.000000	0.000000	0.000000	5.600000E-8	0.026162	8.238050E-9	0.000000	0.000000	0.000000
1.200000E-8	0.312870	2.207241E-8	0.000000	0.000000	0.000000	4.000000E-8	0.108427	1.021124E-8	0.000000	0.000000	0.000000
1.200000E-8	0.104245	1.990482E-8	0.000000	0.000000	0.000000	3.600000E-8	0.150057	1.702369E-8	0.000000	0.000000	0.000000
1.200000E-8	0.101010	2.124106E-8	0.000000	0.000000	0.000000	2.800000E-8	0.088387	2.352815E-8	0.000000	0.000000	0.000000
1.200000E-8	0.233257	2.715639E-8	0.000000	0.000000	0.000000	4.400000E-8	0.049186	9.575093E-9	0.000000	0.000000	0.000000
1.200000E-8	0.158880	2.246184E-8	0.000000	0.000000	0.000000	3.600000E-8	0.062082	1.817140E-8	0.000000	0.000000	0.000000
1.600000E-8	0.316809	2.262690E-8	0.000000	0.000000	0.000000	4.800000E-8	0.034805	8.196766E-9	0.000000	0.000000	0.000000
1.600000E-8	0.071738	2.545677E-8	0.000000	0.000000	0.000000	4.000000E-8	0.054950	1.482301E-8	0.000000	0.000000	0.000000
1.200000E-8	0.146508	2.058419E-8	0.000000	0.000000	0.000000	3.600000E-8	0.033525	1.917558E-8	0.000000	0.000000	0.000000
1.200000E-8	0.169319	1.944230E-8	0.000000	0.000000	0.000000	4.400000E-8	0.045159	1.223492E-8	0.000000	0.000000	0.000000
1.200000E-8	0.223189	2.089219E-8	0.000000	0.000000	0.000000	4.000000E-8	0.049399	1.625265E-8	0.000000	0.000000	0.000000
1.600000E-8	0.421021	2.246148E-8	0.000000	0.000000	0.000000	4.400000E-8	0.127547	7.768039E-9	0.000000	0.000000	0.000000
8.000000E-9	0.030611	3.019110E-8	0.000000	0.000000	0.000000	2.400000E-8	0.058618	2.371551E-8	0.000000	0.000000	0.000000
1.200000E-8	0.251358	2.111812E-8	0.000000	0.000000	0.000000	4.000000E-8	0.077092	1.309945E-8	0.000000	0.000000	0.000000
1.600000E-8	0.296203	2.260798E-8	0.000000	0.000000	0.000000	4.800000E-8	0.029646	8.961172E-9	0.000000	0.000000	0.000000
1.600000E-8	0.145422	2.869412E-8	0.000000	0.000000	0.000000	4.400000E-8	0.091781	7.586776E-9	0.000000	0.000000	0.000000
1.200000E-8	0.176370	2.112577E-8	0.000000	0.000000	0.000000	4.800000E-8	0.001729	1.077296E-8	0.000000	0.000000	0.000000
1.600000E-8	0.333975	2.249788E-8	0.000000	0.000000	0.000000	4.400000E-8	0.140657	8.134058E-9	0.000000	0.000000	0.000000
1.600000E-8	0.298541	2.153604E-8	0.000000	0.000000	0.000000	4.800000E-8	0.040177	7.238699E-9	0.000000	0.000000	0.000000
1.200000E-8	0.148979	2.962192E-8	0.000000	0.000000	0.000000	4.400000E-8	0.096161	8.799111E-9	0.000000	0.000000	0.000000
1.600000E-8	0.404454	2.237245E-8	0.000000	0.000000	0.000000	4.400000E-8	0.049377	1.182464E-8	0.000000	0.000000	0.000000
1.600000E-8	0.458217	2.170641E-8	0.000000	0.000000	0.000000	4.400000E-8	0.074247	8.028827E-9	0.000000	0.000000	0.000000
1.600000E-8	0.390059	2.244230E-8	0.000000	0.000000	0.000000	4.800000E-8	0.087836	6.126674E-9	0.000000	0.000000	0.000000
1.200000E-8	0.341802	2.152132E-8	0.000000	0.000000	0.000000	4.800000E-8	0.027633	1.246275E-8	0.000000	0.000000	0.000000
1.200000E-8	0.073369	2.303038E-8	0.000000	0.000000	0.000000	2.800000E-8	0.030792	2.744609E-8	0.000000	0.000000	0.000000
1.200000E-8	0.106738	2.040050E-8	0.000000	0.000000	0.000000	4.400000E-8	0.034599	1.220147E-8	0.000000	0.000000	0.000000
1.200000E-8	0.313174	2.266120E-8	0.000000	0.000000	0.000000	3.600000E-8	0.068120	1.572259E-8	0.000000	0.000000	0.000000
1.200000E-8	0.084088	2.397005E-8	0.000000	0.000000	0.000000	2.800000E-8	0.079050	2.470011E-8	0.000000	0.000000	0.000000
1.600000E-8	0.268569	2.197195E-8	0.000000	0.000000	0.000000	4.800000E-8	0.040556	7.864257E-9	0.000000	0.000000	0.000000
1.200000E-8	0.121475	2.167517E-8	0.000000	0.000000	0.000000	4.400000E-8	0.031587	1.210883E-8	0.000000	0.000000	0.000000
1.600000E-8	0.147947	2.006590E-8	0.000000	0.000000	0.000000	4.000000E-8	0.065938	1.298357E-8	0.000000	0.000000	0.000000
1.200000E-8	0.127743	2.136904E-8	0.000000	0.000000	0.000000	3.600000E-8	0.055575	1.743469E-8	0.000000	0.000000	0.000000
1.600000E-8	0.081721	2.371849E-8	0.000000	0.000000	0.000000	4.400000E-8	0.029337	1.375151E-8	0.000000	0.000000	0.000000
1.600000E-8	0.118863	2.279967E-8	0.000000	0.000000	0.000000	3.600000E-8	0.047531	1.916740E-8	0.000000	0.000000	0.000000
1.200000E-8	0.352966	2.153123E-8	0.000000	0.000000	0.000000	4.400000E-8	0.117347	8.479247E-9	0.000000	0.000000	0.000000
1.200000E-8	0.072021	2.050795E-8	0.000000	0.000000	0.000000	3.600000E-8	0.082318	1.481090E-8	0.000000	0.000000	0.000000
1.200000E-8	0.071644	2.150460E-8	0.000000	0.000000	0.000000	3.600000E-8	0.046872	1.817920E-8	0.000000	0.000000	0.000000
1.200000E-8	0.204244	2.107835E-8	0.000000	0.000000	0.000000	4.000000E-8	0.098725	1.144762E-8	0.000000	0.000000	0.000000
1.600000E-8	0.188261	2.267036E-8	0.000000	0.000000	0.000000	4.800000E-8	0.029571	8.880899E-9	0.000000	0.000000	0.000000
1.600000E-8	0.239310	2.207186E-8	0.000000	0.000000	0.000000	4.000000E-8	0.124276	1.022615E-8	0.000000	0.000000	0.000000
1.600000E-8	0.266428	2.831085E-8	0.000000	0.000000	0.000000	6.800000E-8	-0.011221	3.846725E-8	0.000000	0.000000	0.000000
1.200000E-8	0.112671	2.130344E-8	0.000000	0.000000	0.000000	3.600000E-8	0.049421	1.991755E-8	0.000000	0.000000	0.000000
1.600000E-8	0.122558	2.038400E-8	0.000000	0.000000	0.000000	4.000000E-8	0.109600	1.229969E-8	0.000000	0.000000	0.000000
